10000003 1
10000007 1
10000008 1
10000009 2
10000010 1
10000013 1
10000014 1
10000015 1
10000017 2
10000019 1
10000020 1
10000021 1
10000022 2
10000024 2
10000027 2
10000030 1
10000032 1
10000033 1
10000034 1
10000036 1
10000037 2
10000038 1
10000040 1
10000041 1
10000042 1
10000043 1
10000044 2
10000045 2
10000046 1
10000047 1
10000048 1
10000049 1
10000050 1
10000051 1
10000053 1
10000056 1
10000057 1
10000060 1
10000063 1
10000064 1
10000067 1
10000068 1
10000069 1
10000070 1
10000072 1
10000074 1
10000076 1
10000078 2
10000081 1
10000083 1
10000084 1
10000088 1
10000092 2
10000093 1
10000094 2
10000095 1
10000096 2
10000097 2
10000102 1
10000104 1
10000106 1
10000107 1
10000112 1
10000113 2
10000114 1
10000115 2
10000117 1
10000119 1
10000120 1
10000121 2
10000124 1
10000125 1
10000127 2
10000128 2
10000129 2
10000130 1
10000131 1
10000132 1
10000133 1
10000134 2
10000137 1
10000138 1
10000139 1
10000140 1
10000141 1
10000144 2
10000145 1
10000146 1
10000147 1
10000149 1
10000150 1
10000153 1
10000154 1
10000155 1
10000156 1
10000158 1
10000161 1
10000166 1
10000167 1
10000170 2
10000171 1
10000172 2
10000174 1
10000175 2
10000177 1
10000178 1
10000186 2
10000187 1
10000188 1
10000190 1
10000192 2
10000194 1
10000196 1
10000198 2
10000199 1
10000200 1
10000201 2
10000202 2
10000203 1
10000204 1
10000205 1
10000206 1
10000207 1
10000210 1
10000212 2
10000213 1
10000214 2
10000215 1
10000216 1
10000219 2
10000220 1
10000222 1
10000223 1
10000225 1
10000226 1
10000227 1
10000228 1
10000229 1
10000230 2
10000233 1
10000234 2
10000235 1
10000241 1
10000242 1
10000243 2
10000244 1
10000248 2
10000249 1
10000251 1
10000252 1
10000253 1
10000254 1
10000257 2
10000258 1
10000260 2
10000262 2
10000266 2
10000267 1
10000268 1
10000269 1
10000273 1
10000274 2
10000275 1
10000276 1
10000277 1
10000278 1
10000279 1
10000280 1
10000281 1
10000282 1
10000284 1
10000285 1
10000286 1
10000291 1
10000293 2
10000294 1
10000297 1
10000298 1
10000299 2
10000301 1
10000304 2
10000305 2
10000306 2
10000307 1
10000308 1
10000313 1
10000314 1
10000315 1
10000317 1
10000321 1
10000322 1
10000323 1
10000326 1
10000327 2
10000329 1
10000330 1
10000332 1
10000333 1
10000334 1
10000336 1
10000337 1
10000338 1
10000341 2
10000343 1
10000344 1
10000345 1
10000346 1
10000347 1
10000348 1
10000349 1
10000351 2
10000352 1
10000354 1
10000356 1
10000358 1
10000359 1
10000361 2
10000362 1
10000364 1
10000366 1
10000368 2
10000370 1
10000372 1
10000373 1
10000375 1
10000376 1
10000378 1
10000379 1
10000382 1
10000383 1
10000384 2
10000385 2
10000386 1
10000387 1
10000388 1
10000389 1
10000391 1
10000396 1
10000400 1
10000401 2
10000402 1
10000403 1
10000404 2
10000406 1
10000408 1
10000409 2
10000410 1
10000413 1
10000414 1
10000415 1
10000416 1
10000417 1
10000418 1
10000420 2
10000421 1
10000422 1
10000423 1
10000425 1
10000426 1
10000427 1
10000428 1
10000430 1
10000431 1
10000433 1
10000434 1
10000435 1
10000438 1
10000439 1
10000440 1
10000442 2
10000444 1
10000446 1
10000449 1
10000452 1
10000453 1
10000455 1
10000462 1
10000464 2
10000465 2
10000466 1
10000467 1
10000468 1
10000470 2
10000473 1
10000474 2
10000475 1
10000478 1
10000481 1
10000482 1
10000484 1
10000485 1
10000486 1
10000488 1
10000490 1
10000493 1
10000494 1
10000497 1
10000498 1
10000499 1
10000500 1
10000504 1
10000505 1
10000507 1
10000508 1
10000509 1
10000511 1
10000512 1
10000513 1
10000514 1
10000515 1
10000517 1
10000520 2
10000521 1
10000522 1
10000526 1
10000527 1
10000532 1
10000533 1
10000538 2
10000540 1
10000541 1
10000544 1
10000545 1
10000546 1
10000549 1
10000550 2
10000552 1
10000556 2
10000561 1
10000563 1
10000566 1
10000567 1
10000569 1
10000570 2
10000572 1
10000573 1
10000574 1
10000575 1
10000576 1
10000577 2
10000579 1
10000580 1
10000582 1
10000583 2
10000584 1
10000586 1
10000587 1
10000590 1
10000592 1
10000593 1
10000595 1
10000596 2
10000598 1
10000599 1
10000600 1
10000604 1
10000605 1
10000609 1
10000616 2
10000617 2
10000619 1
10000620 1
10000621 2
10000622 1
10000626 1
10000627 1
10000628 1
10000630 1
10000631 1
10000633 2
10000634 1
10000635 1
10000636 1
10000637 1
10000638 1
10000645 1
10000647 1
10000648 1
10000649 2
10000651 2
10000652 2
10000657 2
10000659 1
10000660 2
10000661 1
10000663 1
10000664 1
10000665 1
10000666 1
10000668 1
10000670 2
10000674 1
10000675 1
10000678 1
10000679 1
10000680 1
10000684 2
10000685 1
10000686 1
10000688 1
10000691 1
10000694 1
10000698 2
10000700 1
10000702 1
10000704 2
10000706 1
10000707 1
10000708 1
10000710 1
10000712 1
10000715 1
10000717 1
10000719 2
10000726 1
10000729 1
10000732 1
10000733 1
10000735 2
10000736 1
10000737 1
10000741 2
10000747 1
10000749 1
10000750 1
10000752 1
10000753 1
10000754 2
10000755 1
10000758 1
10000761 1
10000763 1
10000764 2
10000765 2
10000767 1
10000769 1
10000770 2
10000771 2
10000772 1
10000776 1
10000777 1
10000778 1
10000779 1
10000782 2
10000783 1
10000786 1
10000789 2
10000791 1
10000792 1
10000793 1
10000795 1
10000796 1
10000797 1
10000798 1
10000799 2
10000800 1
10000802 1
10000804 1
10000807 2
10000808 1
10000809 1
10000811 1
10000812 2
10000813 1
10000814 1
10000817 2
10000821 2
10000822 2
10000823 1
10000824 1
10000826 1
10000827 1
10000829 2
10000833 1
10000834 1
10000835 2
10000836 1
10000837 1
10000840 1
10000842 1
10000843 1
10000844 1
10000845 1
10000846 1
10000847 1
10000850 1
10000852 1
10000854 1
10000856 1
10000858 1
10000861 1
10000864 1
10000865 2
10000866 1
10000868 2
10000870 1
10000871 1
10000873 1
10000874 1
10000876 1
10000880 1
10000881 1
10000883 1
10000885 1
10000886 1
10000889 1
10000895 1
10000898 1
10000899 1
10000900 1
10000901 1
10000903 1
10000906 1
10000907 1
10000909 1
10000910 1
10000915 1
10000919 1
10000920 2
10000923 2
10000924 2
10000925 1
10000926 1
10000928 1
10000931 1
10000933 1
10000934 1
10000935 2
10000938 1
10000939 1
10000940 1
10000942 1
10000946 1
10000948 1
10000949 1
10000950 1
10000951 1
10000953 1
10000955 1
10000957 2
10000959 1
10000960 1
10000965 1
10000966 1
10000968 1
10000969 1
10000971 1
10000972 2
10000975 1
10000976 1
10000979 1
10000981 1
10000982 1
10000983 1
10000985 1
10000986 1
10000987 1
10000989 2
10000990 1
10000991 1
10000993 2
10000997 2
10000999 1
10001000 1
10001001 1
10001006 1
10001009 1
10001010 1
10001011 2
10001012 1
10001014 1
10001015 1
10001016 1
10001017 1
10001018 1
10001019 2
10001022 1
10001023 2
10001026 1
10001027 1
10001029 1
10001030 1
10001032 1
10001033 1
10001034 1
10001035 1
10001036 1
10001037 2
10001039 2
10001041 1
10001042 1
10001043 1
10001044 1
10001045 1
10001046 1
10001047 1
10001048 1
10001051 1
10001052 1
10001054 1
10001056 1
10001057 1
10001060 1
10001065 1
10001066 1
10001070 1
10001072 2
10001073 1
10001074 2
10001077 1
10001078 1
10001082 2
10001083 1
10001085 1
10001088 1
10001089 1
10001090 1
10001091 1
10001094 1
10001096 1
10001097 1
10001099 1
10001102 1
10001106 2
10001110 1
10001113 2
10001114 1
10001115 1
10001117 1
10001118 1
10001119 1
10001121 1
10001122 2
10001123 1
10001124 1
10001126 1
10001127 1
10001131 1
10001132 1
10001133 1
10001136 1
10001138 1
10001139 1
10001140 1
10001142 1
10001143 1
10001144 2
10001147 1
10001148 1
10001150 1
10001152 1
10001154 1
10001157 1
10001158 2
10001160 1
10001162 1
10001165 2
10001166 1
10001168 1
10001171 1
10001172 1
10001173 1
10001174 1
10001175 1
10001177 1
10001178 1
10001179 1
10001182 2
10001183 1
10001187 1
10001188 1
10001191 2
10001192 2
10001193 2
10001194 1
10001196 1
10001197 2
10001198 1
10001199 1
10001200 1
10001203 2
10001204 1
10001205 2
10001206 1
10001207 1
10001208 1
10001209 1
10001211 1
10001213 1
10001215 1
10001217 1
10001218 2
10001219 1
10001222 1
10001224 1
10001229 2
10001230 1
10001231 1
10001232 1
10001233 1
10001234 1
10001235 1
10001237 1
10001238 1
10001240 1
10001241 2
10001242 1
10001245 2
10001246 1
10001247 1
10001250 1
10001252 1
10001253 1
10001254 1
10001255 1
10001257 1
10001258 2
10001260 1
10001261 1
10001265 2
10001266 1
10001269 2
10001270 1
10001271 1
10001273 1
10001276 2
10001277 2
10001278 2
10001279 1
10001280 2
10001281 1
10001284 1
10001286 1
10001289 1
10001290 1
10001291 1
10001292 2
10001293 1
10001296 2
10001297 1
10001299 1
10001300 2
10001301 1
10001303 2
10001304 2
10001305 1
10001306 1
10001308 1
10001311 1
10001312 1
10001314 1
10001315 1
10001316 1
10001317 1
10001320 1
10001322 1
10001323 1
10001325 1
10001326 1
10001329 1
10001331 1
10001332 2
10001333 1
10001334 2
10001335 1
10001337 1
10001338 2
10001339 2
10001340 1
10001342 1
10001343 1
10001344 1
10001346 1
10001347 1
10001348 1
10001351 1
10001352 1
10001354 2
10001356 1
10001357 1
10001358 1
10001359 1
10001361 2
10001363 2
10001364 1
10001368 1
10001369 1
10001370 1
10001371 2
10001372 1
10001373 1
10001374 1
10001375 1
10001378 1
10001379 1
10001380 1
10001381 1
10001384 1
10001385 1
10001387 1
10001388 1
10001391 1
10001392 1
10001394 1
10001395 1
10001397 1
10001398 1
10001399 2
10001402 2
10001403 1
10001404 1
10001406 1
10001408 1
10001409 1
10001410 1
10001411 1
10001412 1
10001413 1
10001414 2
10001415 1
10001416 1
10001417 1
10001418 2
10001420 1
10001423 2
10001424 1
10001426 1
10001427 2
10001428 1
10001429 1
10001430 1
10001431 1
10001432 1
10001435 1
10001440 1
10001441 1
10001442 1
10001445 2
10001446 2
10001447 1
10001448 2
10001454 1
10001457 1
10001459 1
10001461 1
10001462 1
10001463 1
10001466 1
10001467 1
10001468 1
10001469 2
10001470 1
10001472 1
10001474 2
10001475 1
10001477 1
10001478 1
10001480 1
10001481 1
10001482 1
10001483 1
10001485 1
10001486 1
10001487 1
10001488 2
10001489 1
10001490 1
10001494 1
10001496 2
10001497 1
10001498 1
10001499 2
10001501 1
10001503 1
10001504 1
10001505 2
10001506 2
10001508 1
10001510 1
10001513 1
10001514 1
10001515 1
10001517 1
10001519 1
10001521 1
10001522 1
10001523 1
10001526 1
10001528 1
10001529 2
10001530 2
10001531 1
10001535 1
10001536 1
10001537 1
10001538 1
10001540 1
10001542 2
10001543 2
10001547 1
10001548 1
10001549 2
10001550 1
10001551 1
10001552 2
10001553 1
10001554 2
10001557 1
10001559 2
10001561 1
10001562 1
10001563 2
10001566 2
10001567 2
10001570 1
10001571 1
10001575 1
10001576 1
10001579 1
10001580 2
10001581 1
10001582 1
10001584 1
10001585 2
10001586 1
10001590 1
10001592 1
10001593 1
10001594 1
10001596 1
10001598 1
10001599 1
10001602 2
10001604 1
10001606 1
10001608 1
10001611 1
10001612 2
10001614 1
10001615 1
10001616 1
10001617 1
10001618 1
10001620 1
10001621 1
10001623 2
10001624 1
10001627 2
10001628 1
10001629 1
10001631 1
10001633 1
10001634 1
10001635 1
10001636 1
10001637 2
10001638 2
10001642 1
10001643 1
10001645 2
10001649 1
10001650 1
10001651 1
10001652 1
10001653 1
10001654 1
10001655 1
10001656 1
10001657 1
10001659 1
10001661 1
10001662 1
10001663 1
10001665 1
10001666 1
10001668 1
10001669 2
10001670 1
10001672 2
10001679 1
10001680 1
10001681 1
10001686 1
10001687 1
10001688 1
10001689 1
10001691 1
10001692 1
10001693 1
10001694 1
10001695 2
10001696 1
10001697 1
10001699 2
10001700 1
10001701 1
10001704 2
10001705 1
10001707 1
10001708 1
10001709 1
10001710 1
10001711 1
10001712 2
10001714 1
10001717 1
10001720 1
10001721 2
10001722 1
10001723 1
10001726 1
10001729 2
10001731 1
10001732 1
10001733 1
10001734 1
10001735 1
10001738 1
10001740 1
10001741 1
10001743 1
10001744 1
10001746 1
10001748 1
10001749 1
10001753 1
10001754 1
10001758 2
10001760 1
10001762 1
10001765 1
10001766 1
10001767 1
10001768 2
10001769 1
10001770 1
10001771 1
10001772 2
10001774 2
10001775 1
10001776 1
10001778 1
10001779 1
10001781 1
10001782 2
10001783 1
10001786 1
10001788 1
10001789 1
10001793 1
10001796 1
10001797 1
10001799 1
10001800 1
10001801 2
10001806 2
10001810 1
10001811 1
10001812 1
10001813 1
10001814 1
10001820 2
10001823 1
10001824 1
10001825 1
10001826 1
10001828 1
10001830 2
10001832 1
10001835 2
10001836 1
10001837 1
10001838 1
10001839 1
10001840 2
10001841 1
10001843 1
10001844 1
10001845 2
10001846 1
10001847 1
10001848 2
10001851 2
10001852 1
10001854 1
10001855 1
10001856 1
10001857 1
10001859 1
10001860 1
10001863 1
10001867 1
10001868 2
10001869 1
10001871 1
10001872 1
10001874 1
10001875 1
10001877 2
10001878 2
10001879 1
10001884 1
10001886 1
10001888 1
10001890 1
10001891 1
10001892 1
10001893 1
10001896 1
10001897 1
10001898 1
10001899 2
10001900 2
10001903 2
10001904 1
10001905 1
10001910 1
10001911 1
10001913 1
10001915 1
10001918 1
10001920 1
10001922 2
10001923 1
10001924 1
10001925 1
10001928 1
10001930 1
10001931 1
10001932 1
10001933 1
10001934 1
10001935 1
10001937 1
10001940 1
10001942 2
10001945 2
10001946 1
10001950 2
10001956 1
10001959 1
10001962 1
10001963 1
10001964 1
10001965 1
10001967 1
10001968 1
10001970 1
10001972 1
10001979 1
10001984 1
10001986 1
10001989 2
10001990 1
10001995 1
10001996 1
10001997 1
10001998 2
10001999 2
10002000 1
10002002 1
10002004 2
10002007 1
10002008 2
10002009 1
10002015 1
10002016 1
10002017 1
10002018 1
10002019 1
10002020 2
10002021 1
10002022 1
10002023 1
10002024 1
10002026 1
10002028 1
10002029 2
10002030 1
10002032 1
10002035 1
10002036 1
10002037 1
10002038 1
10002042 1
10002043 1
10002045 1
10002046 1
10002047 1
10002048 1
10002049 1
10002053 1
10002055 1
10002056 1
10002058 2
10002059 1
10002060 1
10002062 1
10002063 1
10002064 1
10002067 1
10002069 2
10002071 1
10002072 1
10002075 1
10002076 2
10002077 2
10002078 1
10002079 2
10002080 1
10002082 2
10002083 2
10002088 1
10002089 1
10002092 1
10002094 1
10002097 1
10002098 1
10002099 1
10002101 1
10002102 1
10002103 1
10002105 1
10002109 1
10002110 1
10002111 2
10002112 1
10002117 1
10002118 2
10002119 1
10002120 1
10002121 1
10002122 1
10002123 1
10002128 1
10002130 1
10002131 2
10002133 1
10002135 1
10002137 1
10002140 2
10002141 1
10002143 1
10002146 1
10002147 1
10002148 1
10002149 2
10002151 1
10002152 2
10002154 1
10002156 1
10002157 1
10002158 2
10002162 1
10002164 1
10002166 1
10002167 1
10002168 1
10002170 1
10002173 1
10002174 1
10002177 1
10002179 2
10002180 1
10002181 1
10002183 1
10002184 1
10002185 1
10002186 1
10002187 1
10002188 1
10002190 1
10002191 1
10002192 1
10002193 1
10002195 1
10002196 1
10002197 1
10002198 1
10002199 1
10002200 1
10002202 1
10002203 2
10002204 1
10002208 1
10002209 2
10002210 1
10002212 1
10002213 1
10002215 1
10002216 1
10002217 1
10002218 1
10002220 2
10002224 1
10002225 1
10002227 2
10002229 1
10002230 1
10002234 1
10002243 1
10002245 1
10002246 1
10002247 2
10002249 1
10002251 2
10002254 1
10002255 1
10002256 1
10002259 1
10002260 1
10002261 1
10002263 1
10002264 2
10002265 1
10002266 1
10002267 1
10002270 1
10002272 1
10002274 1
10002276 1
10002277 1
10002278 2
10002279 1
10002280 2
10002283 1
10002286 2
10002288 2
10002289 1
10002290 1
10002291 1
10002292 1
10002294 2
10002296 1
10002297 2
10002298 1
10002300 1
10002301 1
10002304 1
10002306 1
10002307 1
10002309 1
10002312 2
10002313 1
10002316 1
10002317 2
10002318 1
10002320 1
10002323 1
10002328 1
10002329 1
10002331 1
10002332 1
10002333 1
10002337 2
10002343 1
10002344 2
10002346 1
10002347 1
10002348 1
10002349 1
10002351 2
10002352 1
10002355 1
10002358 1
10002359 1
10002361 1
10002362 1
10002363 1
10002364 1
10002367 1
10002371 2
10002372 1
10002374 1
10002376 1
10002377 2
10002378 1
10002381 1
10002383 1
10002385 1
10002386 1
10002387 1
10002394 1
10002397 1
10002398 1
10002400 2
10002402 1
10002406 2
10002408 1
10002409 1
10002410 2
10002411 1
10002412 1
10002416 1
10002418 1
10002420 2
10002421 1
10002422 1
10002424 2
10002425 1
10002426 1
10002428 1
10002429 1
10002431 2
10002433 1
10002434 1
10002435 2
10002436 2
10002440 2
10002446 2
10002448 1
10002453 1
10002454 1
10002455 2
10002457 1
10002459 1
10002462 1
10002464 1
10002465 1
10002466 1
10002467 2
10002469 2
10002470 1
10002471 1
10002473 1
10002474 2
10002476 1
10002478 1
10002480 1
10002485 1
10002486 2
10002487 1
10002488 1
10002491 1
10002492 1
10002493 1
10002494 1
10002496 1
10002497 2
10002502 1
10002503 2
10002504 1
10002505 1
10002507 1
10002512 2
10002513 1
10002515 1
10002516 1
10002518 1
10002522 1
10002524 1
10002525 2
10002526 1
10002528 1
10002530 1
10002533 1
10002539 1
10002540 1
10002543 1
10002545 1
10002549 1
10002550 1
10002551 1
10002553 1
10002559 1
10002560 1
10002563 2
10002568 1
10002572 1
10002574 1
10002575 1
10002576 2
10002577 1
10002578 1
10002580 1
10002581 1
10002582 1
10002584 2
10002585 1
10002586 2
10002588 1
10002590 1
10002591 1
10002592 1
10002593 1
10002595 1
10002597 2
10002598 1
10002599 1
10002601 2
10002604 1
10002609 2
10002610 1
10002612 1
10002613 1
10002615 1
10002617 1
10002618 1
10002619 1
10002623 1
10002625 1
10002626 1
10002627 1
10002628 1
10002629 1
10002630 1
10002632 1
10002634 1
10002635 1
10002638 1
10002639 1
10002642 1
10002647 2
10002650 1
10002652 1
10002653 1
10002654 2
10002658 1
10002659 1
10002663 1
10002664 1
10002665 1
10002667 1
10002673 1
10002676 1
10002677 1
10002678 1
10002680 1
10002681 2
10002682 1
10002683 1
10002685 1
10002687 1
10002688 1
10002689 1
10002690 1
10002691 1
10002692 2
10002693 1
10002698 1
10002699 1
10002700 1
10002701 2
10002702 1
10002703 1
10002704 1
10002710 1
10002711 1
10002713 2
10002714 1
10002716 1
10002719 1
10002720 1
10002723 1
10002724 2
10002728 1
10002729 2
10002732 1
10002734 2
10002735 1
10002737 2
10002739 2
10002742 1
10002744 1
10002745 1
10002746 1
10002747 1
10002748 1
10002751 1
10002754 2
10002758 1
10002762 1
10002767 1
10002768 1
10002771 1
10002775 1
10002776 2
10002777 1
10002778 1
10002779 1
10002781 1
10002783 1
10002785 1
10002786 1
10002791 1
10002792 1
10002793 1
10002800 1
10002801 1
10002802 1
10002803 1
10002804 1
10002805 1
10002806 1
10002807 2
10002809 1
10002810 1
10002812 2
10002813 1
10002814 2
10002815 2
10002816 1
10002817 1
10002818 1
10002819 2
10002821 1
10002823 1
10002824 1
10002825 1
10002827 1
10002828 2
10002829 1
10002830 1
10002833 1
10002834 1
10002835 2
10002839 1
10002840 2
10002841 1
10002842 2
10002846 1
10002847 1
10002848 1
10002849 1
10002855 1
10002857 2
10002858 2
10002859 1
10002862 2
10002863 1
10002864 1
10002865 1
10002866 2
10002867 2
10002868 1
10002869 1
10002870 1
10002871 1
10002874 1
10002877 1
10002878 1
10002879 1
10002880 1
10002882 1
10002883 1
10002884 1
10002886 2
10002887 1
10002888 2
10002891 2
10002893 1
10002894 2
10002895 1
10002897 2
10002898 1
10002899 2
10002901 1
10002903 2
10002906 1
10002907 1
10002908 1
10002910 1
10002911 1
10002912 1
10002913 1
10002914 2
10002915 1
10002917 1
10002918 2
10002920 2
10002923 2
10002924 1
10002925 2
10002927 1
10002929 1
10002930 1
10002933 1
10002934 1
10002937 1
10002938 1
10002939 1
10002940 1
10002941 1
10002944 1
10002945 1
10002946 1
10002948 1
10002950 1
10002953 1
10002954 1
10002955 1
10002957 1
10002958 1
10002959 1
10002960 1
10002963 1
10002965 1
10002966 1
10002967 2
10002969 2
10002971 1
10002972 2
10002975 1
10002980 1
10002982 1
10002983 1
10002984 1
10002990 1
10002991 2
10002994 1
10002995 1
10002998 1
10002999 2
10003003 2
10003006 1
10003007 2
10003008 1
10003009 2
10003010 2
10003011 1
10003014 1
10003015 1
10003017 1
10003018 1
10003020 1
10003021 1
10003022 1
10003028 1
10003029 1
10003033 1
10003038 1
10003039 1
10003040 1
10003041 1
10003042 1
10003046 1
10003048 1
10003049 1
10003050 1
10003051 1
10003052 1
10003053 1
10003054 1
10003055 2
10003058 1
10003059 2
10003060 1
10003061 1
10003063 1
10003064 1
10003066 1
10003067 1
10003068 2
10003070 1
10003072 1
10003073 1
10003074 1
10003075 2
10003079 1
10003083 1
10003085 1
10003086 1
10003087 2
10003088 1
10003089 2
10003091 1
10003095 1
10003100 1
10003101 1
10003102 1
10003103 1
10003104 1
10003108 2
10003109 1
10003111 1
10003113 1
10003114 1
10003116 1
10003119 1
10003121 1
10003123 1
10003124 2
10003125 1
10003127 1
10003132 1
10003133 1
10003137 1
10003141 1
10003143 1
10003144 2
10003145 1
10003146 1
10003149 1
10003150 1
10003151 1
10003152 1
10003154 1
10003155 1
10003156 2
10003157 1
10003159 1
10003161 1
10003162 2
10003163 1
10003164 1
10003165 1
10003170 2
10003172 1
10003174 1
10003175 1
10003176 1
10003179 1
10003182 1
10003184 1
10003186 1
10003187 2
10003188 1
10003189 1
10003190 1
10003195 1
10003196 1
10003198 1
10003199 2
10003200 2
10003201 1
10003202 1
10003203 1
10003204 1
10003205 1
10003206 1
10003208 2
10003209 1
10003210 2
10003213 1
10003214 1
10003215 2
10003216 2
10003220 1
10003221 1
10003222 1
10003223 2
10003224 1
10003225 1
10003226 1
10003229 1
10003230 1
10003231 2
10003232 2
10003233 2
10003234 2
10003237 1
10003239 1
10003242 2
10003244 1
10003245 1
10003246 1
10003247 1
10003251 2
10003252 1
10003254 2
10003255 1
10003256 1
10003258 2
10003261 1
10003263 1
10003267 1
10003268 2
10003269 2
10003270 1
10003271 1
10003272 2
10003273 1
10003275 1
10003276 1
10003280 1
10003282 2
10003283 2
10003284 2
10003286 1
10003292 1
10003293 1
10003294 1
10003295 1
10003296 1
10003299 1
10003301 1
10003302 1
10003304 1
10003305 2
10003306 1
10003307 1
10003309 2
10003311 1
10003314 2
10003315 1
10003316 2
10003319 1
10003320 2
10003321 2
10003322 1
10003323 1
10003324 1
10003325 1
10003326 1
10003328 1
10003329 1
10003333 1
10003336 1
10003337 1
10003338 1
10003339 1
10003340 1
10003342 2
10003343 1
10003344 1
10003345 1
10003346 1
10003350 1
10003351 1
10003352 1
10003353 1
10003355 2
10003358 1
10003360 1
10003365 1
10003367 2
10003368 1
10003370 1
10003372 2
10003374 1
10003375 1
10003376 1
10003377 1
10003378 2
10003380 1
10003381 1
10003384 1
10003385 1
10003386 1
10003387 1
10003388 1
10003389 1
10003390 1
10003391 1
10003392 1
10003394 2
10003395 1
10003396 2
10003398 2
10003399 1
10003402 1
10003404 1
10003405 1
10003406 1
10003409 1
10003410 1
10003411 2
10003420 1
10003422 1
10003424 1
10003425 1
10003427 1
10003428 1
10003429 1
10003430 1
10003436 1
10003438 1
10003441 1
10003442 1
10003443 1
10003444 2
10003445 1
10003449 1
10003453 2
10003454 2
10003456 1
10003457 2
10003458 2
10003459 1
10003460 1
10003463 2
10003464 1
10003465 2
10003468 1
10003469 1
10003470 1
10003474 1
10003478 1
10003479 1
10003480 2
10003481 1
10003484 1
10003485 2
10003486 1
10003489 1
10003490 1
10003492 1
10003495 1
10003497 1
10003499 1
10003501 1
10003502 1
10003505 2
10003509 1
10003510 1
10003511 1
10003514 1
10003515 1
10003517 1
10003518 1
10003519 1
10003520 1
10003521 1
10003522 1
10003524 1
10003526 1
10003527 1
10003534 1
10003536 1
10003537 1
10003540 1
10003541 1
10003542 2
10003544 2
10003545 1
10003547 1
10003549 2
10003550 1
10003551 1
10003555 1
10003556 1
10003557 1
10003559 1
10003562 2
10003565 1
10003566 1
10003567 1
10003569 1
10003570 2
10003573 1
10003575 1
10003577 1
10003578 1
10003579 1
10003580 1
10003581 1
10003582 1
10003583 1
10003584 2
10003588 1
10003589 1
10003594 1
10003595 1
10003597 1
10003603 1
10003604 1
10003605 1
10003606 1
10003607 1
10003610 1
10003612 1
10003613 2
10003614 1
10003615 1
10003616 1
10003617 1
10003618 1
10003619 1
10003620 1
10003622 1
10003623 1
10003624 1
10003625 2
10003627 2
10003628 1
10003630 1
10003631 1
10003632 1
10003636 1
10003637 1
10003642 1
10003643 1
10003645 1
10003647 1
10003648 1
10003649 2
10003650 2
10003651 1
10003654 1
10003655 1
10003656 1
10003658 1
10003661 1
10003663 1
10003666 1
10003671 1
10003672 1
10003673 1
10003675 1
10003676 1
10003677 2
10003678 1
10003679 1
10003680 1
10003681 1
10003685 2
10003688 1
10003691 1
10003692 1
10003694 1
10003696 1
10003698 1
10003699 1
10003700 1
10003701 2
10003702 1
10003704 2
10003708 1
10003709 1
10003710 1
10003711 1
10003712 1
10003713 1
10003714 1
10003715 1
10003716 1
10003718 1
10003722 1
10003723 1
10003724 1
10003725 1
10003726 2
10003728 1
10003729 1
10003731 1
10003732 1
10003734 1
10003736 1
10003739 1
10003740 1
10003741 1
10003742 1
10003745 2
10003747 1
10003749 1
10003750 1
10003751 1
10003752 1
10003753 1
10003754 1
10003757 1
10003760 1
10003763 1
10003766 1
10003767 2
10003768 1
10003769 2
10003770 2
10003771 2
10003772 1
10003775 1
10003776 1
10003778 1
10003779 2
10003780 1
10003785 1
10003787 1
10003788 1
10003789 2
10003793 2
10003794 1
10003795 2
10003802 1
10003803 1
10003807 1
10003809 1
10003810 1
10003811 2
10003812 1
10003814 1
10003815 1
10003816 1
10003817 1
10003818 1
10003822 1
10003828 1
10003829 1
10003833 1
10003839 1
10003841 1
10003844 1
10003845 1
10003846 1
10003847 2
10003848 1
10003852 2
10003855 1
10003857 1
10003858 1
10003859 1
10003860 2
10003861 1
10003866 1
10003868 2
10003869 1
10003870 1
10003871 2
10003874 1
10003875 1
10003878 1
10003880 1
10003882 2
10003883 1
10003885 2
10003887 1
10003889 2
10003891 2
10003892 1
10003895 2
10003898 2
10003899 1
10003902 1
10003905 1
10003910 2
10003911 2
10003913 1
10003916 1
10003917 1
10003920 1
10003921 1
10003922 1
10003923 2
10003924 1
10003929 1
10003933 1
10003935 1
10003941 1
10003946 2
10003947 2
10003949 1
10003951 1
10003952 1
10003954 1
10003955 1
10003956 1
10003957 1
10003961 1
10003962 2
10003963 2
10003964 2
10003965 1
10003966 1
10003968 1
10003969 1
10003970 2
10003972 2
10003973 1
10003974 2
10003975 2
10003977 1
10003979 1
10003980 1
10003983 1
10003987 1
10003990 1
10003991 1
10003992 1
10003995 1
10003996 1
10003998 1
10004002 2
10004004 1
10004006 1
10004007 1
10004009 1
10004010 1
10004011 1
10004012 1
10004014 1
10004019 1
10004020 2
10004025 1
10004027 1
10004028 1
10004032 1
10004033 2
10004034 2
10004035 1
10004036 1
10004037 1
10004038 1
10004039 1
10004040 1
10004041 1
10004043 1
10004047 2
10004048 1
10004050 1
10004051 2
10004052 1
10004054 1
10004058 1
10004060 1
10004062 1
10004063 1
10004064 2
10004065 1
10004066 1
10004068 1
10004071 2
10004073 2
10004075 1
10004076 1
10004077 1
10004080 2
10004081 1
10004089 1
10004090 2
10004092 1
10004093 1
10004095 2
10004096 2
10004098 1
10004100 1
10004101 1
10004102 2
10004104 1
10004105 1
10004106 1
10004107 1
10004109 1
10004113 1
10004114 1
10004116 1
10004117 1
10004119 1
10004120 1
10004122 1
10004123 1
10004126 2
10004127 1
10004129 1
10004130 1
10004131 1
10004133 1
10004136 1
10004137 1
10004138 1
10004139 2
10004144 1
10004148 1
10004151 1
10004155 1
10004156 1
10004157 1
10004159 1
10004161 2
10004163 1
10004165 2
10004167 1
10004169 1
10004170 2
10004173 1
10004177 1
10004178 1
10004179 1
10004183 1
10004185 1
10004187 1
10004189 1
10004190 1
10004194 1
10004195 1
10004197 2
10004198 1
10004199 1
10004200 2
10004202 1
10004203 1
10004206 1
10004207 1
10004208 1
10004209 1
10004211 1
10004213 1
10004215 1
10004218 1
10004219 1
10004222 1
10004225 1
10004229 1
10004230 1
10004232 2
10004233 1
10004235 1
10004237 1
10004241 1
10004245 1
10004246 2
10004248 1
10004249 1
10004250 1
10004251 1
10004252 1
10004253 1
10004254 2
10004255 1
10004256 1
10004259 1
10004260 1
10004261 1
10004262 1
10004263 1
10004264 1
10004266 1
10004270 1
10004271 1
10004273 2
10004275 1
10004276 1
10004278 1
10004279 1
10004280 1
10004281 2
10004282 1
10004286 1
10004288 1
10004291 2
10004292 1
10004295 1
10004296 2
10004299 1
10004300 1
10004303 1
10004304 1
10004305 1
10004309 1
10004314 1
10004317 1
10004318 1
10004321 1
10004322 1
10004323 2
10004324 1
10004326 1
10004327 1
10004330 2
10004333 1
10004334 1
10004339 1
10004340 1
10004342 1
10004344 1
10004347 1
10004348 1
10004349 1
10004350 1
10004351 1
10004353 1
10004354 1
10004355 1
10004356 1
10004357 1
10004358 2
10004360 1
10004362 1
10004365 1
10004369 1
10004372 1
10004378 1
10004380 1
10004381 1
10004382 1
10004383 1
10004384 2
10004386 1
10004387 1
10004388 2
10004389 1
10004390 1
10004392 1
10004393 1
10004400 1
10004401 1
10004403 1
10004407 2
10004408 1
10004412 1
10004414 1
10004416 2
10004417 1
10004419 1
10004421 1
10004424 1
10004428 2
10004430 1
10004434 1
10004435 1
10004437 1
10004439 1
10004442 1
10004443 1
10004445 1
10004446 1
10004447 1
10004448 1
10004449 2
10004451 1
10004452 1
10004453 1
10004454 1
10004457 1
10004458 1
10004459 1
10004461 1
10004463 1
10004464 1
10004465 1
10004466 1
10004468 1
10004471 2
10004472 1
10004475 1
10004476 1
10004477 2
10004479 1
10004481 2
10004483 1
10004484 1
10004485 1
10004486 1
10004489 2
10004491 2
10004494 1
10004497 1
10004498 1
10004501 1
10004502 1
10004505 1
10004506 1
10004507 1
10004509 2
10004510 1
10004514 1
10004516 1
10004518 1
10004521 1
10004523 1
10004524 1
10004526 1
10004528 2
10004532 1
10004537 1
10004539 1
10004543 1
10004547 1
10004548 1
10004549 1
10004550 1
10004554 1
10004555 1
10004558 2
10004559 1
10004560 1
10004561 1
10004562 1
10004565 1
10004566 1
10004567 1
10004568 1
10004570 1
10004573 1
10004575 1
10004577 2
10004579 1
10004582 1
10004584 1
10004585 1
10004586 1
10004587 2
10004589 1
10004590 1
10004591 1
10004592 1
10004595 1
10004596 1
10004597 1
10004598 1
10004599 1
10004601 1
10004603 1
10004604 1
10004605 1
10004606 1
10004607 1
10004611 1
10004612 1
10004613 2
10004615 1
10004618 2
10004619 2
10004620 2
10004621 1
10004622 2
10004629 1
10004632 1
10004635 1
10004637 1
10004638 1
10004639 1
10004640 1
10004641 1
10004644 1
10004650 1
10004651 2
10004653 1
10004656 1
10004657 2
10004659 1
10004661 1
10004664 2
10004665 2
10004668 1
10004669 1
10004672 1
10004673 2
10004675 1
10004681 1
10004682 1
10004684 1
10004686 1
10004687 2
10004688 1
10004691 1
10004692 2
10004695 1
10004697 1
10004699 1
10004702 1
10004703 1
10004708 1
10004710 1
10004711 1
10004713 1
10004714 2
10004715 2
10004717 1
10004718 1
10004719 2
10004721 1
10004725 1
10004729 1
10004732 2
10004733 1
10004734 1
10004735 2
10004736 1
10004737 1
10004738 1
10004739 1
10004741 1
10004743 1
10004745 1
10004746 1
10004747 1
10004749 1
10004750 1
10004753 1
10004755 1
10004756 1
10004757 2
10004760 1
10004763 1
10004765 1
10004768 1
10004769 1
10004770 1
10004773 2
10004776 1
10004782 2
10004783 1
10004785 2
10004786 1
10004787 1
10004789 1
10004790 1
10004792 1
10004793 1
10004797 1
10004800 1
10004802 2
10004803 2
10004804 1
10004805 1
10004806 1
10004807 1
10004808 1
10004809 1
10004811 1
10004812 2
10004815 1
10004817 1
10004818 1
10004819 1
10004820 1
10004821 2
10004822 1
10004823 1
10004824 1
10004825 1
10004827 1
10004828 1
10004829 1
10004831 1
10004833 1
10004835 2
10004836 1
10004837 1
10004839 1
10004840 2
10004843 2
10004846 1
10004847 1
10004850 1
10004852 1
10004855 1
10004858 2
10004859 1
10004861 1
10004862 2
10004864 1
10004865 1
10004866 2
10004867 2
10004869 2
10004870 2
10004871 1
10004873 1
10004874 1
10004875 2
10004879 2
10004880 1
10004881 1
10004883 1
10004885 1
10004886 1
10004887 1
10004890 1
10004891 1
10004896 2
10004897 2
10004898 1
10004899 1
10004900 2
10004902 1
10004910 1
10004911 1
10004912 1
10004913 1
10004914 1
10004917 1
10004918 1
10004919 1
10004921 2
10004922 1
10004925 1
10004927 1
10004928 2
10004929 1
10004931 1
10004932 1
10004934 2
10004936 1
10004940 1
10004941 1
10004942 1
10004943 1
10004948 1
10004949 1
10004951 1
10004952 1
10004953 1
10004954 1
10004955 2
10004957 2
10004959 1
10004963 1
10004967 2
10004969 1
10004974 1
10004975 2
10004976 1
10004980 1
10004981 1
10004982 1
10004985 1
10004986 1
10004987 1
10004991 1
10004996 1
10004997 2
10005000 1
10005003 1
10005004 2
10005005 1
10005006 1
10005010 2
10005012 1
10005013 1
10005014 1
10005015 1
10005017 2
10005020 1
10005022 1
10005024 2
10005025 1
10005026 1
10005027 2
10005028 1
10005030 1
10005031 1
10005032 1
10005035 1
10005036 2
10005039 1
10005040 2
10005041 2
10005044 2
10005047 1
10005049 1
10005051 1
10005052 1
10005053 1
10005056 1
10005057 2
10005058 1
10005064 1
10005065 1
10005066 1
10005067 1
10005069 1
10005070 2
10005072 1
10005074 1
10005077 2
10005079 1
10005080 1
10005083 1
10005085 1
10005087 1
10005091 1
10005092 2
10005093 1
10005094 1
10005095 2
10005097 1
10005104 1
10005105 1
10005106 1
10005108 1
10005109 1
10005110 1
10005111 2
10005113 1
10005114 1
10005115 1
10005116 1
10005118 1
10005119 1
10005124 1
10005127 1
10005132 1
10005133 1
10005136 1
10005139 1
10005140 1
10005143 1
10005145 1
10005147 2
10005148 1
10005149 2
10005151 2
10005152 1
10005154 1
10005155 1
10005157 2
10005159 1
10005160 1
10005161 1
10005163 1
10005165 1
10005171 1
10005172 1
10005173 2
10005174 1
10005177 2
10005178 1
10005179 1
10005180 1
10005183 1
10005186 2
10005187 1
10005189 2
10005192 1
10005193 2
10005195 1
10005197 2
10005199 1
10005200 1
10005201 1
10005203 2
10005204 1
10005206 1
10005207 1
10005208 2
10005210 1
10005211 1
10005213 1
10005219 2
10005224 1
10005226 2
10005229 1
10005230 1
10005231 1
10005232 1
10005233 1
10005234 1
10005235 1
10005236 1
10005238 1
10005239 2
10005240 1
10005241 1
10005242 2
10005243 1
10005244 2
10005246 1
10005247 1
10005250 2
10005251 1
10005254 2
10005256 2
10005258 1
10005259 1
10005261 1
10005262 1
10005265 1
10005266 2
10005267 1
10005268 1
10005269 2
10005270 1
10005271 1
10005272 1
10005273 1
10005274 2
10005277 1
10005279 1
10005281 1
10005282 1
10005285 1
10005286 1
10005287 1
10005291 2
10005292 2
10005293 2
10005294 1
10005295 1
10005299 1
10005300 1
10005301 1
10005302 1
10005303 1
10005305 1
10005306 1
10005307 1
10005308 1
10005309 1
10005311 1
10005312 1
10005314 2
10005315 1
10005316 1
10005319 2
10005320 1
10005324 1
10005328 1
10005329 1
10005330 1
10005331 1
10005332 1
10005333 1
10005334 1
10005335 1
10005336 1
10005339 1
10005340 1
10005342 1
10005345 2
10005346 2
10005348 2
10005349 1
10005351 1
10005354 1
10005357 1
10005358 1
10005359 1
10005360 1
10005361 1
10005362 1
10005364 1
10005366 2
10005374 1
10005376 2
10005377 1
10005378 1
10005379 1
10005381 1
10005382 1
10005384 1
10005385 1
10005386 1
10005387 1
10005388 1
10005389 1
10005390 1
10005391 1
10005392 1
10005393 1
10005394 2
10005395 1
10005400 2
10005401 2
10005403 1
10005404 2
10005405 1
10005406 1
10005407 1
10005410 1
10005412 1
10005413 1
10005414 2
10005416 2
10005417 1
10005418 1
10005419 1
10005420 1
10005423 2
10005424 1
10005425 1
10005428 1
10005430 1
10005431 1
10005433 1
10005434 2
10005435 1
10005436 2
10005437 1
10005439 1
10005441 1
10005448 1
10005449 1
10005450 2
10005451 1
10005452 2
10005453 1
10005454 1
10005455 1
10005457 1
10005459 1
10005462 1
10005464 2
10005465 1
10005466 1
10005467 1
10005468 1
10005469 1
10005470 1
10005471 2
10005472 1
10005473 1
10005475 1
10005479 2
10005482 1
10005484 1
10005485 1
10005486 1
10005487 1
10005488 1
10005493 1
10005494 1
10005496 2
10005497 2
10005500 2
10005504 1
10005505 1
10005506 1
10005507 1
10005508 2
10005509 2
10005512 1
10005513 1
10005514 2
10005515 1
10005517 2
10005519 1
10005522 1
10005523 1
10005531 1
10005532 1
10005533 1
10005536 2
10005537 1
10005538 1
10005540 1
10005542 1
10005544 1
10005546 1
10005547 1
10005548 1
10005553 1
10005554 1
10005556 2
10005557 1
10005558 1
10005559 1
10005561 1
10005562 2
10005563 1
10005565 1
10005568 1
10005569 1
10005570 1
10005571 1
10005572 2
10005573 1
10005576 1
10005577 1
10005578 1
10005580 1
10005582 2
10005583 2
10005584 1
10005587 2
10005589 2
10005590 1
10005592 1
10005593 1
10005594 1
10005597 1
10005599 1
10005601 2
10005602 1
10005603 1
10005606 1
10005608 1
10005609 1
10005610 2
10005611 2
10005613 1
10005617 1
10005619 1
10005621 2
10005622 1
10005623 1
10005624 1
10005627 1
10005630 1
10005631 1
10005632 1
10005633 1
10005637 1
10005638 2
10005639 1
10005640 1
10005641 1
10005642 1
10005645 1
10005647 1
10005649 1
10005651 1
10005652 2
10005653 1
10005654 1
10005655 1
10005656 1
10005659 1
10005660 2
10005662 2
10005664 1
10005666 1
10005667 1
10005669 1
10005671 2
10005673 1
10005674 1
10005677 1
10005678 2
10005680 1
10005682 1
10005684 1
10005685 2
10005689 1
10005691 1
10005692 2
10005694 2
10005697 1
10005699 1
10005700 1
10005702 1
10005705 1
10005708 1
10005709 2
10005711 1
10005712 1
10005714 2
10005715 1
10005716 1
10005717 1
10005718 1
10005721 1
10005723 1
10005724 2
10005726 1
10005728 1
10005729 1
10005730 1
10005731 1
10005732 1
10005733 1
10005734 1
10005735 2
10005737 2
10005738 1
10005739 1
10005740 1
10005741 1
10005742 1
10005745 1
10005746 1
10005749 1
10005750 1
10005752 1
10005754 1
10005756 1
10005758 1
10005759 2
10005760 2
10005761 1
10005762 1
10005763 1
10005764 1
10005765 1
10005767 1
10005773 1
10005774 1
10005775 1
10005776 1
10005782 1
10005783 1
10005784 1
10005785 1
10005786 1
10005787 1
10005789 1
10005790 1
10005791 1
10005795 1
10005797 1
10005798 1
10005799 1
10005800 1
10005802 1
10005806 1
10005808 2
10005809 1
10005810 1
10005811 1
10005812 1
10005813 2
10005814 2
10005816 1
10005817 1
10005821 2
10005822 1
10005825 1
10005826 1
10005830 1
10005831 1
10005832 1
10005833 1
10005834 1
10005835 2
10005836 2
10005837 1
10005838 1
10005839 1
10005843 2
10005844 1
10005845 1
10005846 1
10005848 1
10005850 2
10005852 1
10005854 2
10005859 2
10005861 1
10005862 1
10005863 1
10005864 1
10005868 1
10005870 2
10005871 1
10005872 1
10005873 1
10005875 1
10005876 2
10005877 1
10005878 1
10005879 1
10005882 2
10005883 1
10005884 1
10005886 1
10005888 1
10005889 2
10005894 1
10005901 1
10005902 1
10005903 1
10005907 1
10005909 2
10005911 2
10005912 1
10005913 1
10005914 1
10005915 1
10005918 1
10005920 1
10005921 1
10005922 1
10005925 1
10005926 1
10005927 1
10005928 1
10005929 1
10005930 1
10005937 1
10005940 1
10005941 1
10005947 1
10005949 1
10005950 1
10005951 1
10005952 1
10005953 2
10005955 1
10005956 1
10005957 1
10005958 1
10005960 1
10005962 1
10005966 2
10005967 1
10005968 1
10005971 1
10005972 1
10005973 1
10005974 1
10005977 1
10005978 1
10005982 1
10005985 1
10005987 1
10005989 1
10005990 1
10005991 1
10005992 1
10005997 2
10005998 1
10006000 2
10006001 1
10006002 1
10006003 1
10006004 2
10006006 2
10006007 1
10006008 1
10006010 1
10006011 1
10006015 2
10006016 1
10006017 2
10006019 1
10006020 1
10006023 1
10006024 2
10006025 1
10006027 1
10006029 1
10006030 2
10006031 1
10006032 1
10006033 1
10006036 1
10006040 1
10006041 1
10006043 1
10006044 1
10006045 2
10006046 1
10006047 2
10006049 1
10006051 2
10006053 2
10006055 2
10006057 1
10006058 1
10006061 1
10006062 1
10006063 1
10006064 1
10006065 1
10006067 1
10006071 1
10006073 1
10006076 1
10006079 1
10006081 1
10006083 1
10006084 1
10006086 1
10006087 1
10006088 2
10006089 1
10006090 1
10006093 1
10006098 1
10006099 1
10006100 1
10006101 1
10006102 2
10006106 1
10006110 2
10006111 1
10006112 2
10006114 1
10006119 2
10006120 1
10006123 1
10006124 2
10006126 1
10006127 1
10006130 1
10006134 1
10006136 1
10006137 2
10006138 1
10006139 1
10006140 1
10006141 1
10006142 1
10006144 1
10006145 2
10006147 1
10006148 1
10006150 2
10006152 1
10006153 2
10006156 1
10006157 1
10006160 1
10006161 1
10006163 1
10006164 1
10006165 1
10006167 1
10006169 1
10006170 1
10006172 1
10006173 2
10006175 1
10006176 2
10006177 1
10006178 1
10006179 2
10006181 1
10006182 1
10006185 1
10006186 2
10006188 1
10006189 1
10006190 1
10006192 1
10006193 1
10006194 1
10006195 2
10006198 1
10006199 1
10006203 1
10006205 1
10006208 2
10006209 1
10006211 2
10006212 1
10006213 1
10006216 2
10006217 1
10006221 1
10006222 1
10006223 1
10006226 1
10006227 1
10006229 1
10006232 1
10006233 1
10006235 1
10006238 1
10006239 1
10006243 1
10006244 2
10006245 1
10006246 1
10006248 1
10006252 1
10006254 1
10006256 1
10006259 1
10006260 1
10006261 1
10006264 1
10006265 1
10006266 2
10006267 1
10006270 2
10006275 1
10006276 1
10006280 2
10006283 2
10006285 2
10006286 1
10006287 1
10006289 1
10006291 1
10006292 1
10006293 1
10006294 1
10006296 1
10006297 1
10006298 1
10006299 1
10006300 2
10006301 1
10006303 1
10006305 1
10006308 1
10006310 1
10006313 1
10006316 2
10006318 1
10006323 2
10006325 1
10006326 1
10006327 1
10006329 2
10006330 1
10006331 1
10006332 1
10006333 1
10006334 1
10006335 1
10006336 1
10006339 1
10006341 1
10006342 1
10006343 2
10006346 1
10006347 1
10006349 2
10006351 1
10006352 1
10006354 1
10006356 1
10006357 2
10006358 2
10006359 1
10006360 1
10006361 1
10006363 1
10006364 1
10006366 1
10006367 1
10006368 1
10006369 1
10006370 1
10006371 1
10006374 2
10006375 1
10006376 2
10006378 1
10006379 1
10006380 2
10006381 1
10006382 2
10006386 1
10006388 1
10006389 1
10006391 1
10006392 1
10006393 1
10006394 1
10006396 2
10006398 1
10006399 1
10006401 1
10006402 1
10006406 2
10006408 1
10006410 1
10006411 1
10006412 2
10006413 1
10006418 1
10006420 1
10006421 1
10006422 1
10006425 1
10006426 1
10006427 2
10006428 2
10006429 1
10006430 2
10006431 1
10006432 2
10006433 1
10006434 1
10006435 1
10006436 1
10006437 2
10006438 1
10006439 2
10006440 1
10006441 1
10006442 1
10006443 2
10006444 2
10006445 1
10006446 1
10006447 1
10006448 1
10006449 1
10006450 1
10006452 1
10006453 1
10006454 1
10006456 1
10006458 1
10006462 1
10006463 1
10006465 1
10006466 1
10006468 1
10006469 1
10006470 2
10006471 1
10006472 1
10006475 1
10006480 1
10006481 1
10006482 1
10006484 1
10006485 1
10006486 1
10006488 1
10006489 1
10006490 1
10006491 1
10006492 1
10006493 1
10006494 1
10006496 1
10006497 1
10006498 2
10006499 1
10006501 1
10006502 1
10006503 1
10006506 1
10006507 2
10006508 1
10006509 1
10006510 1
10006513 1
10006514 1
10006516 1
10006519 1
10006521 1
10006522 1
10006523 2
10006524 2
10006529 1
10006530 1
10006531 1
10006532 1
10006534 1
10006535 1
10006537 1
10006538 1
10006539 1
10006541 1
10006542 1
10006543 1
10006546 1
10006547 2
10006548 1
10006550 1
10006553 1
10006554 1
10006558 1
10006560 1
10006562 1
10006563 1
10006564 1
10006565 1
10006567 1
10006568 2
10006569 1
10006571 1
10006572 1
10006573 1
10006575 1
10006576 2
10006577 1
10006581 2
10006584 2
10006585 2
10006586 1
10006588 1
10006589 2
10006591 1
10006592 1
10006595 1
10006598 2
10006599 1
10006600 1
10006601 1
10006603 1
10006604 1
10006605 1
10006607 1
10006608 1
10006612 1
10006613 1
10006616 2
10006618 1
10006619 1
10006620 1
10006621 1
10006622 1
10006624 1
10006628 1
10006629 2
10006630 1
10006631 1
10006632 1
10006633 1
10006634 1
10006635 1
10006637 1
10006639 2
10006641 2
10006642 1
10006645 1
10006648 2
10006649 1
10006653 1
10006655 1
10006656 1
10006659 2
10006661 1
10006664 1
10006665 2
10006668 1
10006669 1
10006670 1
10006671 2
10006672 1
10006674 2
10006676 1
10006678 1
10006679 1
10006680 1
10006681 2
10006684 1
10006685 1
10006686 1
10006687 1
10006688 2
10006689 1
10006690 2
10006694 1
10006696 1
10006697 1
10006698 1
10006701 1
10006704 1
10006705 1
10006706 2
10006710 1
10006711 1
10006716 2
10006717 1
10006718 1
10006719 1
10006720 1
10006721 1
10006722 1
10006725 2
10006726 1
10006727 2
10006728 1
10006730 1
10006733 1
10006734 1
10006736 1
10006737 1
10006738 2
10006740 1
10006741 2
10006742 1
10006743 2
10006745 1
10006749 2
10006750 1
10006751 2
10006753 1
10006757 1
10006758 1
10006760 1
10006761 1
10006762 1
10006763 2
10006764 1
10006765 1
10006769 1
10006770 1
10006774 2
10006778 1
10006779 1
10006781 2
10006782 1
10006784 1
10006786 1
10006789 1
10006790 1
10006793 1
10006794 1
10006796 1
10006797 1
10006798 1
10006799 2
10006800 1
10006801 1
10006802 1
10006803 1
10006808 1
10006811 2
10006812 2
10006813 1
10006814 1
10006816 1
10006819 1
10006821 1
10006822 2
10006823 1
10006824 1
10006826 1
10006827 1
10006835 1
10006837 1
10006838 1
10006839 1
10006840 1
10006841 1
10006842 1
10006843 2
10006844 2
10006847 1
10006848 1
10006849 2
10006858 1
10006859 1
10006860 1
10006861 1
10006862 1
10006863 2
10006865 1
10006866 1
10006867 1
10006868 2
10006869 1
10006870 1
10006871 1
10006872 1
10006873 1
10006875 2
10006877 1
10006878 2
10006879 1
10006880 1
10006882 1
10006884 1
10006886 1
10006887 2
10006889 1
10006893 1
10006895 1
10006896 2
10006897 2
10006898 1
10006902 1
10006905 1
10006906 1
10006907 1
10006910 1
10006912 1
10006915 1
10006918 1
10006921 1
10006923 1
10006924 1
10006925 1
10006929 1
10006931 2
10006933 1
10006934 1
10006935 1
10006936 1
10006937 2
10006938 2
10006940 2
10006942 1
10006944 1
10006946 1
10006947 1
10006951 1
10006952 1
10006954 1
10006955 1
10006956 2
10006959 1
10006960 2
10006962 1
10006963 1
10006965 1
10006968 2
10006969 1
10006972 1
10006974 1
10006976 1
10006980 1
10006981 1
10006983 1
10006986 1
10006987 1
10006988 2
10006989 1
10006991 2
10006995 1
10006996 1
10006997 1
10006999 2
10007003 1
10007004 1
10007005 1
10007007 1
10007010 1
10007012 1
10007014 1
10007015 1
10007017 2
10007018 1
10007021 1
10007025 1
10007028 1
10007031 1
10007032 1
10007034 1
10007037 2
10007039 1
10007041 1
10007042 1
10007043 1
10007044 1
10007048 1
10007049 1
10007051 1
10007052 1
10007053 1
10007055 2
10007058 1
10007059 2
10007060 1
10007063 1
10007065 1
10007066 2
10007067 1
10007068 1
10007069 1
10007070 1
10007071 1
10007073 1
10007074 1
10007076 1
10007077 2
10007078 1
10007079 1
10007082 1
10007085 1
10007088 1
10007091 1
10007092 2
10007095 1
10007097 1
10007101 1
10007102 2
10007103 1
10007104 1
10007105 1
10007106 1
10007112 1
10007114 1
10007116 1
10007117 1
10007119 1
10007120 1
10007122 1
10007125 2
10007126 2
10007128 1
10007130 1
10007131 1
10007132 1
10007135 1
10007136 1
10007139 1
10007140 1
10007141 1
10007142 2
10007143 1
10007144 1
10007146 1
10007148 2
10007150 1
10007154 1
10007155 2
10007156 1
10007157 1
10007158 1
10007159 1
10007160 1
10007161 2
10007162 1
10007163 1
10007164 1
10007165 1
10007168 1
10007169 1
10007170 1
10007172 1
10007177 1
10007181 1
10007182 1
10007187 1
10007189 1
10007191 1
10007195 1
10007196 1
10007197 1
10007198 1
10007199 1
10007202 2
10007203 1
10007204 1
10007206 1
10007207 2
10007208 1
10007210 1
10007212 1
10007213 2
10007214 1
10007215 1
10007216 1
10007217 1
10007218 1
10007219 1
10007223 1
10007229 1
10007230 1
10007231 2
10007232 1
10007233 1
10007234 1
10007237 2
10007240 1
10007244 1
10007245 1
10007246 1
10007247 2
10007248 1
10007250 1
10007251 1
10007257 2
10007258 1
10007259 1
10007260 1
10007262 1
10007263 1
10007266 1
10007269 1
10007270 1
10007271 2
10007275 1
10007276 1
10007277 1
10007278 2
10007279 2
10007280 2
10007281 1
10007283 2
10007284 1
10007285 1
10007286 1
10007289 2
10007290 1
10007293 1
10007295 1
10007296 1
10007298 2
10007299 1
10007300 1
10007301 1
10007303 1
10007304 1
10007305 1
10007307 1
10007309 1
10007311 1
10007312 1
10007316 1
10007317 1
10007318 1
10007319 1
10007320 1
10007321 1
10007322 1
10007325 2
10007326 1
10007328 1
10007329 1
10007333 1
10007334 1
10007335 1
10007336 1
10007341 1
10007342 1
10007343 1
10007345 2
10007346 1
10007348 1
10007353 1
10007354 2
10007356 1
10007357 1
10007358 2
10007359 1
10007361 2
10007362 1
10007364 1
10007365 1
10007368 1
10007369 1
10007370 1
10007372 1
10007373 2
10007374 1
10007375 1
10007376 2
10007377 2
10007378 1
10007380 1
10007382 1
10007386 2
10007387 1
10007388 2
10007389 1
10007390 1
10007391 2
10007394 1
10007395 1
10007396 1
10007397 1
10007398 1
10007399 1
10007400 1
10007401 1
10007405 1
10007406 1
10007407 1
10007408 1
10007409 2
10007412 1
10007414 1
10007415 1
10007416 1
10007418 1
10007423 1
10007424 1
10007426 1
10007430 1
10007431 1
10007432 1
10007433 1
10007436 1
10007438 1
10007439 1
10007440 1
10007441 1
10007444 1
10007446 1
10007447 2
10007448 1
10007450 1
10007451 1
10007453 1
10007454 1
10007455 1
10007456 2
10007458 1
10007460 1
10007461 1
10007462 1
10007463 1
10007466 1
10007467 2
10007468 1
10007469 1
10007472 2
10007473 1
10007474 1
10007475 1
10007476 1
10007478 1
10007479 2
10007481 1
10007483 1
10007484 1
10007485 1
10007487 1
10007488 2
10007491 1
10007492 1
10007493 1
10007496 1
10007497 1
10007498 1
10007499 1
10007500 1
10007501 1
10007503 1
10007504 1
10007506 1
10007510 1
10007514 1
10007516 1
10007517 1
10007520 2
10007521 1
10007523 1
10007524 1
10007525 1
10007526 1
10007527 1
10007528 1
10007529 1
10007531 1
10007532 1
10007533 1
10007534 2
10007537 2
10007538 1
10007540 2
10007541 1
10007542 1
10007544 1
10007545 1
10007546 1
10007547 1
10007548 1
10007550 1
10007551 1
10007554 1
10007556 1
10007559 1
10007560 1
10007561 1
10007563 1
10007564 1
10007566 1
10007567 1
10007569 1
10007570 1
10007571 1
10007572 1
10007573 1
10007574 1
10007575 2
10007577 1
10007578 1
10007579 2
10007580 1
10007581 1
10007582 1
10007584 1
10007585 1
10007586 1
10007589 1
10007590 2
10007592 2
10007593 1
10007595 1
10007596 1
10007598 1
10007600 1
10007601 1
10007605 1
10007607 2
10007608 1
10007610 1
10007611 1
10007612 2
10007615 1
10007618 1
10007621 1
10007622 1
10007623 1
10007624 1
10007625 2
10007626 2
10007628 1
10007629 2
10007631 1
10007632 1
10007633 1
10007635 1
10007636 1
10007637 1
10007638 2
10007639 1
10007640 1
10007641 1
10007643 1
10007646 2
10007647 1
10007648 1
10007649 1
10007650 1
10007651 1
10007652 2
10007653 1
10007655 1
10007657 1
10007658 2
10007659 1
10007661 1
10007662 2
10007664 1
10007665 1
10007666 1
10007667 1
10007668 2
10007673 1
10007677 1
10007679 1
10007680 1
10007681 1
10007685 1
10007686 1
10007687 1
10007688 1
10007689 1
10007691 1
10007693 2
10007694 1
10007695 1
10007698 2
10007701 1
10007702 2
10007703 1
10007705 1
10007707 1
10007708 1
10007711 1
10007714 1
10007715 1
10007716 2
10007717 1
10007718 1
10007719 1
10007720 1
10007722 1
10007723 2
10007724 1
10007726 1
10007729 2
10007730 1
10007732 1
10007733 1
10007734 1
10007735 2
10007736 2
10007737 1
10007738 2
10007739 1
10007742 1
10007743 1
10007750 1
10007751 1
10007753 1
10007758 1
10007759 1
10007761 1
10007763 1
10007764 2
10007767 2
10007768 2
10007769 1
10007770 1
10007771 1
10007773 2
10007774 1
10007775 1
10007776 1
10007777 1
10007778 1
10007779 1
10007780 1
10007781 2
10007782 1
10007783 1
10007785 2
10007786 1
10007787 1
10007788 1
10007789 1
10007790 1
10007791 1
10007792 1
10007795 1
10007796 2
10007799 2
10007800 2
10007802 1
10007803 2
10007804 1
10007805 2
10007806 1
10007807 1
10007810 1
10007811 1
10007812 1
10007814 1
10007815 1
10007816 1
10007817 2
10007818 1
10007819 2
10007820 1
10007823 2
10007825 2
10007829 1
10007830 1
10007831 1
10007834 1
10007837 1
10007838 1
10007841 2
10007842 1
10007845 1
10007850 1
10007851 1
10007855 2
10007856 1
10007857 1
10007859 1
10007860 1
10007864 1
10007865 1
10007866 1
10007869 2
10007870 1
10007871 1
10007872 1
10007874 2
10007876 1
10007877 1
10007879 1
10007880 1
10007881 1
10007884 1
10007885 1
10007886 1
10007887 2
10007891 1
10007892 1
10007895 1
10007897 1
10007898 1
10007903 1
10007906 2
10007907 1
10007908 1
10007911 1
10007914 1
10007915 1
10007916 2
10007917 1
10007919 1
10007921 1
10007922 1
10007927 1
10007931 1
10007932 1
10007933 1
10007935 1
10007937 1
10007938 1
10007941 1
10007942 1
10007943 1
10007944 1
10007945 1
10007946 2
10007947 1
10007953 1
10007955 1
10007958 2
10007959 1
10007960 1
10007961 1
10007962 1
10007964 1
10007966 1
10007967 1
10007968 1
10007969 1
10007970 2
10007973 1
10007977 1
10007980 1
10007985 1
10007993 1
10007995 1
10007996 1
10007997 2
10007998 1
10007999 1
10008002 1
10008003 1
10008004 1
10008005 1
10008007 1
10008009 1
10008010 1
10008011 2
10008012 1
10008013 1
10008015 1
10008016 1
10008017 1
10008021 1
10008022 2
10008024 1
10008025 1
10008026 1
10008028 1
10008029 1
10008031 1
10008033 1
10008034 1
10008037 1
10008038 1
10008040 1
10008044 2
10008045 1
10008046 1
10008047 1
10008048 2
10008050 1
10008051 1
10008052 1
10008053 1
10008057 1
10008058 1
10008060 1
10008061 2
10008062 1
10008063 1
10008064 2
10008065 1
10008067 1
10008068 1
10008069 1
10008071 1
10008074 1
10008078 1
10008079 1
10008081 1
10008083 2
10008085 1
10008086 1
10008087 1
10008088 1
10008090 1
10008091 1
10008092 1
10008096 1
10008097 2
10008098 2
10008100 1
10008104 1
10008105 1
10008107 1
10008109 1
10008110 1
10008113 1
10008117 1
10008118 1
10008119 2
10008121 1
10008123 1
10008124 1
10008126 1
10008129 1
10008130 1
10008131 2
10008132 1
10008134 1
10008135 1
10008139 1
10008140 1
10008141 1
10008142 1
10008143 1
10008144 1
10008147 2
10008148 1
10008153 1
10008155 2
10008156 1
10008158 1
10008160 1
10008161 1
10008163 1
10008164 1
10008168 1
10008169 1
10008170 1
10008171 1
10008172 1
10008173 1
10008176 2
10008178 2
10008181 1
10008182 1
10008184 1
10008188 2
10008189 1
10008190 1
10008195 1
10008197 2
10008198 1
10008199 1
10008201 2
10008202 1
10008203 1
10008205 1
10008208 1
10008210 1
10008212 1
10008213 1
10008214 1
10008216 2
10008217 1
10008218 1
10008219 1
10008222 2
10008223 1
10008224 2
10008226 1
10008231 2
10008232 1
10008235 1
10008240 1
10008241 1
10008242 1
10008243 1
10008244 1
10008246 1
10008248 1
10008251 1
10008253 1
10008255 2
10008257 1
10008259 1
10008260 1
10008263 1
10008264 1
10008265 1
10008267 2
10008269 1
10008271 1
10008274 1
10008276 1
10008277 2
10008278 1
10008281 1
10008282 2
10008284 1
10008286 1
10008287 1
10008288 1
10008289 2
10008290 1
10008291 1
10008292 1
10008295 1
10008296 1
10008300 1
10008301 1
10008303 1
10008306 1
10008308 1
10008310 1
10008311 2
10008312 1
10008313 1
10008315 1
10008316 1
10008319 1
10008321 1
10008322 2
10008323 1
10008324 1
10008326 2
10008327 1
10008328 1
10008330 1
10008331 1
10008335 1
10008336 1
10008337 1
10008339 1
10008341 1
10008342 1
10008343 1
10008345 2
10008346 1
10008348 1
10008349 1
10008351 2
10008354 1
10008355 1
10008358 1
10008360 1
10008362 1
10008363 1
10008364 1
10008366 1
10008367 2
10008368 1
10008369 1
10008371 1
10008372 1
10008373 1
10008374 1
10008377 1
10008378 1
10008382 1
10008384 1
10008386 1
10008389 2
10008391 1
10008392 1
10008393 2
10008394 1
10008395 1
10008399 2
10008400 1
10008404 1
10008406 1
10008412 1
10008413 1
10008414 1
10008421 1
10008423 1
10008424 2
10008426 1
10008427 1
10008434 1
10008437 2
10008439 1
10008441 1
10008442 1
10008444 1
10008445 1
10008446 2
10008448 1
10008449 1
10008450 1
10008452 1
10008453 2
10008455 2
10008457 1
10008459 1
10008460 1
10008461 1
10008463 1
10008464 2
10008465 2
10008467 1
10008471 1
10008472 1
10008475 1
10008476 2
10008478 1
10008479 2
10008480 1
10008482 1
10008484 2
10008485 1
10008486 1
10008487 1
10008489 1
10008490 1
10008491 1
10008498 2
10008501 2
10008502 1
10008504 1
10008506 1
10008507 1
10008508 1
10008510 1
10008513 1
10008516 1
10008517 2
10008518 2
10008521 1
10008522 1
10008524 2
10008527 2
10008528 1
10008531 1
10008532 1
10008533 1
10008536 1
10008539 1
10008540 1
10008543 1
10008544 1
10008545 2
10008546 1
10008547 1
10008549 2
10008551 2
10008555 1
10008557 2
10008559 1
10008561 1
10008562 2
10008563 1
10008564 2
10008566 1
10008569 1
10008570 2
10008571 1
10008573 1
10008574 2
10008575 1
10008578 1
10008579 1
10008580 1
10008582 1
10008583 1
10008586 1
10008587 2
10008588 1
10008589 1
10008590 1
10008591 1
10008592 2
10008593 2
10008597 1
10008600 1
10008601 1
10008602 1
10008603 1
10008604 1
10008605 1
10008609 1
10008611 1
10008612 1
10008614 1
10008615 1
10008616 1
10008617 1
10008618 1
10008620 1
10008621 1
10008624 1
10008626 1
10008627 1
10008628 1
10008631 1
10008637 1
10008639 2
10008641 1
10008642 2
10008646 1
10008648 1
10008650 1
10008652 1
10008653 1
10008654 1
10008656 1
10008657 1
10008658 2
10008660 1
10008662 1
10008664 1
10008665 1
10008666 1
10008669 1
10008670 2
10008671 2
10008672 1
10008673 2
10008674 1
10008675 1
10008679 1
10008681 2
10008682 1
10008684 1
10008688 1
10008689 1
10008690 1
10008693 1
10008694 1
10008695 1
10008696 1
10008697 1
10008698 1
10008699 1
10008700 1
10008701 1
10008702 1
10008703 1
10008706 1
10008708 2
10008712 2
10008713 1
10008714 1
10008715 2
10008717 1
10008718 1
10008720 2
10008723 1
10008726 1
10008727 1
10008732 1
10008733 1
10008735 2
10008736 1
10008739 1
10008740 1
10008744 1
10008745 2
10008746 1
10008747 1
10008748 2
10008749 1
10008751 2
10008752 1
10008754 1
10008755 2
10008756 2
10008761 1
10008763 1
10008765 1
10008772 2
10008773 1
10008775 1
10008777 2
10008780 2
10008782 1
10008783 2
10008785 1
10008787 1
10008789 1
10008791 1
10008792 1
10008793 1
10008794 1
10008795 1
10008796 2
10008797 1
10008798 2
10008800 1
10008801 1
10008802 2
10008803 1
10008804 1
10008805 1
10008806 1
10008807 1
10008808 1
10008809 1
10008810 2
10008811 1
10008812 1
10008815 1
10008816 1
10008820 1
10008821 1
10008823 1
10008824 2
10008825 2
10008826 2
10008827 1
10008829 1
10008833 2
10008834 2
10008836 1
10008838 1
10008840 2
10008842 1
10008843 1
10008844 1
10008845 1
10008847 1
10008850 1
10008851 1
10008857 1
10008860 1
10008863 1
10008864 1
10008865 1
10008866 1
10008867 1
10008869 2
10008871 1
10008872 1
10008875 1
10008878 1
10008879 1
10008881 1
10008883 1
10008884 1
10008890 2
10008891 1
10008892 1
10008893 1
10008895 1
10008896 1
10008898 1
10008900 1
10008901 1
10008902 1
10008903 1
10008905 1
10008910 1
10008911 1
10008912 1
10008913 1
10008914 1
10008915 1
10008916 2
10008917 1
10008918 1
10008919 1
10008921 2
10008922 2
10008924 1
10008925 2
10008926 1
10008928 1
10008929 1
10008930 1
10008935 2
10008936 2
10008937 2
10008938 1
10008940 1
10008942 1
10008943 2
10008945 1
10008947 2
10008948 1
10008950 2
10008951 2
10008952 1
10008953 1
10008954 2
10008956 1
10008958 1
10008959 1
10008961 1
10008962 1
10008963 2
10008967 1
10008968 1
10008969 2
10008973 2
10008974 1
10008978 1
10008981 1
10008982 1
10008983 2
10008984 1
10008985 1
10008986 1
10008988 1
10008991 1
10008992 1
10008993 1
10008996 1
10008997 1
10008998 1
10009001 1
10009002 1
10009004 1
10009005 1
10009006 2
10009010 1
10009011 1
10009012 1
10009013 1
10009014 2
10009015 1
10009016 1
10009017 1
10009018 1
10009020 2
10009021 1
10009023 1
10009025 1
10009029 1
10009030 1
10009031 1
10009033 1
10009034 1
10009035 1
10009036 1
10009037 1
10009039 1
10009040 1
10009041 1
10009042 1
10009043 2
10009044 1
10009046 2
10009047 1
10009053 1
10009054 1
10009056 1
10009057 1
10009058 1
10009059 1
10009062 1
10009063 1
10009064 1
10009068 1
10009070 1
10009072 1
10009073 1
10009074 1
10009075 1
10009076 1
10009077 1
10009079 1
10009080 1
10009082 1
10009085 1
10009086 1
10009088 2
10009091 1
10009092 1
10009096 1
10009098 1
10009099 1
10009104 1
10009105 1
10009107 2
10009108 1
10009112 1
10009113 1
10009115 2
10009116 1
10009117 1
10009118 2
10009119 1
10009123 1
10009126 1
10009128 1
10009129 1
10009130 2
10009131 1
10009134 1
10009135 1
10009141 1
10009142 1
10009143 1
10009145 1
10009147 1
10009149 1
10009150 1
10009151 1
10009152 2
10009153 2
10009154 2
10009155 1
10009156 2
10009157 1
10009159 2
10009160 1
10009161 1
10009163 1
10009165 2
10009167 1
10009168 1
10009170 1
10009172 1
10009173 1
10009177 2
10009178 1
10009179 1
10009180 2
10009181 2
10009182 1
10009185 1
10009186 2
10009188 1
10009190 2
10009192 1
10009194 2
10009198 1
10009199 1
10009205 2
10009207 2
10009214 1
10009217 1
10009218 1
10009219 1
10009220 1
10009222 1
10009223 1
10009224 2
10009225 1
10009226 1
10009229 1
10009230 1
10009233 1
10009234 1
10009235 1
10009236 1
10009237 1
10009241 1
10009243 1
10009245 2
10009247 1
10009248 2
10009250 1
10009252 2
10009253 1
10009255 1
10009258 2
10009259 1
10009260 1
10009261 1
10009262 2
10009263 1
10009264 1
10009266 1
10009269 1
10009270 1
10009272 1
10009274 1
10009275 1
10009278 1
10009279 2
10009283 2
10009286 1
10009289 1
10009290 1
10009292 1
10009294 1
10009295 1
10009297 1
10009298 2
10009299 1
10009303 1
10009304 1
10009305 2
10009310 1
10009311 1
10009313 1
10009317 1
10009318 1
10009322 2
10009323 2
10009324 1
10009325 1
10009326 1
10009329 1
10009330 2
10009331 1
10009333 1
10009335 1
10009336 1
10009337 1
10009338 2
10009342 1
10009343 1
10009345 1
10009349 1
10009350 1
10009351 1
10009352 1
10009353 1
10009354 1
10009355 1
10009357 2
10009358 1
10009361 1
10009363 2
10009365 1
10009367 2
10009370 1
10009372 2
10009373 1
10009374 1
10009378 1
10009379 1
10009380 1
10009381 1
10009383 1
10009385 1
10009391 1
10009393 2
10009394 2
10009396 1
10009398 1
10009399 2
10009400 1
10009402 1
10009403 1
10009404 1
10009405 1
10009406 1
10009409 1
10009410 2
10009411 1
10009412 1
10009413 1
10009414 1
10009415 2
10009417 1
10009420 1
10009426 1
10009431 1
10009432 1
10009434 1
10009436 1
10009437 1
10009438 1
10009439 1
10009443 1
10009444 1
10009445 1
10009447 2
10009452 2
10009454 1
10009456 1
10009457 1
10009459 1
10009460 1
10009462 1
10009463 1
10009465 1
10009468 1
10009469 1
10009470 2
10009473 1
10009474 1
10009476 1
10009477 1
10009478 1
10009480 2
10009482 1
10009484 1
10009485 1
10009486 1
10009489 2
10009492 1
10009496 1
10009497 1
10009498 1
10009499 1
10009502 2
10009509 2
10009510 1
10009514 1
10009515 1
10009516 1
10009518 1
10009521 1
10009522 1
10009523 1
10009524 1
10009525 1
10009526 1
10009527 1
10009528 1
10009530 1
10009531 1
10009535 1
10009536 1
10009538 1
10009541 1
10009542 1
10009543 1
10009544 1
10009547 2
10009548 2
10009549 1
10009551 1
10009552 1
10009553 1
10009557 1
10009560 1
10009561 1
10009562 1
10009563 1
10009564 2
10009565 1
10009566 1
10009569 1
10009570 2
10009572 1
10009573 1
10009574 1
10009575 1
10009577 1
10009578 1
10009579 1
10009580 1
10009581 1
10009582 1
10009584 1
10009586 1
10009587 1
10009589 1
10009595 1
10009596 1
10009598 1
10009599 1
10009600 1
10009601 2
10009604 1
10009606 1
10009608 1
10009609 1
10009611 2
10009612 2
10009613 2
10009614 2
10009615 1
10009616 1
10009617 1
10009618 1
10009620 1
10009623 1
10009625 1
10009627 1
10009628 1
10009629 1
10009633 1
10009635 1
10009636 1
10009637 1
10009638 2
10009639 1
10009640 1
10009644 1
10009646 1
10009648 1
10009649 2
10009654 2
10009655 1
10009659 2
10009660 1
10009661 1
10009663 1
10009664 1
10009666 2
10009667 1
10009668 1
10009669 2
10009670 1
10009672 1
10009674 1
10009676 1
10009677 1
10009679 1
10009680 1
10009682 2
10009683 1
10009685 2
10009686 1
10009687 1
10009688 1
10009689 1
10009690 2
10009692 1
10009693 1
10009699 1
10009701 1
10009702 2
10009703 2
10009704 1
10009705 1
10009706 1
10009707 2
10009710 1
10009711 1
10009712 1
10009713 1
10009715 1
10009716 1
10009717 1
10009718 1
10009719 1
10009720 2
10009724 2
10009725 1
10009727 2
10009728 1
10009730 2
10009731 2
10009733 1
10009734 1
10009735 1
10009736 1
10009737 1
10009739 1
10009740 1
10009741 1
10009743 1
10009749 1
10009750 1
10009751 1
10009752 1
10009755 2
10009756 1
10009757 2
10009758 1
10009759 1
10009761 1
10009764 1
10009765 1
10009767 1
10009771 1
10009772 1
10009775 1
10009778 1
10009780 1
10009782 1
10009784 2
10009785 2
10009786 1
10009790 1
10009792 1
10009794 2
10009795 1
10009796 1
10009799 1
10009803 1
10009806 2
10009807 1
10009810 1
10009811 1
10009813 1
10009814 1
10009815 1
10009818 1
10009819 1
10009821 1
10009822 1
10009823 1
10009824 1
10009827 1
10009828 1
10009829 1
10009830 1
10009833 1
10009835 1
10009837 2
10009839 1
10009842 1
10009843 1
10009844 1
10009846 1
10009848 2
10009849 1
10009850 1
10009851 2
10009853 2
10009854 1
10009855 2
10009859 2
10009861 1
10009862 1
10009869 1
10009870 1
10009871 1
10009872 2
10009873 1
10009875 1
10009878 2
10009879 1
10009880 1
10009882 1
10009883 1
10009890 1
10009894 1
10009895 2
10009896 1
10009897 1
10009898 1
10009899 2
10009900 1
10009901 1
10009903 1
10009904 1
10009905 1
10009907 1
10009910 1
10009912 1
10009913 1
10009914 2
10009915 1
10009918 2
10009920 1
10009922 2
10009923 1
10009926 2
10009928 1
10009936 2
10009938 1
10009939 1
10009943 1
10009945 1
10009947 1
10009949 2
10009950 1
10009957 1
10009961 1
10009962 2
10009965 1
10009967 1
10009970 2
10009971 1
10009972 1
10009974 2
10009975 1
10009977 1
10009979 1
10009980 1
10009984 1
10009987 2
10009989 1
10009994 1
10009995 1
10009996 2
10009997 1
10009999 2
10010000 1
10010002 1
10010003 1
10010004 1
10010007 1
10010009 1
10010010 1
10010012 1
10010014 1
10010015 1
10010018 1
10010019 1
10010020 1
10010021 1
10010022 2
10010023 1
10010024 1
10010027 2
10010028 1
10010029 1
10010031 2
10010032 1
10010033 2
10010035 1
10010036 1
10010038 1
10010039 1
10010044 1
10010045 1
10010049 1
10010050 1
10010052 2
10010053 1
10010056 1
10010057 1
10010058 2
10010059 1
10010060 2
10010061 1
10010062 1
10010066 1
10010067 1
10010069 1
10010071 2
10010072 1
10010074 1
10010075 1
10010078 1
10010080 1
10010081 1
10010083 1
10010085 2
10010086 1
10010087 1
10010088 1
10010090 1
10010092 1
10010093 1
10010094 1
10010095 2
10010096 1
10010098 1
10010101 2
10010102 1
10010103 1
10010104 1
10010105 1
10010107 1
10010108 1
10010109 1
10010110 1
10010115 1
10010116 1
10010119 1
10010121 1
10010123 1
10010125 1
10010126 1
10010127 1
10010128 1
10010131 1
10010132 1
10010133 1
10010134 1
10010135 2
10010136 1
10010139 1
10010140 1
10010148 1
10010149 1
10010152 1
10010154 1
10010156 2
10010157 2
10010158 1
10010160 1
10010161 1
10010164 2
10010168 1
10010170 1
10010174 2
10010175 1
10010176 1
10010177 1
10010179 1
10010180 1
10010181 1
10010183 1
10010184 1
10010188 1
10010191 1
10010192 1
10010193 1
10010194 1
10010197 1
10010198 2
10010199 1
10010200 1
10010202 1
10010204 1
10010206 1
10010208 1
10010209 1
10010211 1
10010212 1
10010213 1
10010214 1
10010216 1
10010219 1
10010221 2
10010222 1
10010223 1
10010226 1
10010227 2
10010231 1
10010232 1
10010233 1
10010234 1
10010235 1
10010237 1
10010238 2
10010239 1
10010240 2
10010241 1
10010242 1
10010244 2
10010246 1
10010248 1
10010249 1
10010252 1
10010253 1
10010254 1
10010255 1
10010257 2
10010258 2
10010259 1
10010262 1
10010264 1
10010265 2
10010269 1
10010270 1
10010271 1
10010272 1
10010275 1
10010276 1
10010277 1
10010278 1
10010279 1
10010281 1
10010285 2
10010286 1
10010287 1
10010288 1
10010289 1
10010290 1
10010291 1
10010292 2
10010294 1
10010295 2
10010298 1
10010299 1
10010300 1
10010301 2
10010302 1
10010303 2
10010304 1
10010305 2
10010307 1
10010308 1
10010310 1
10010311 1
10010312 2
10010314 1
10010315 1
10010317 1
10010321 2
10010323 1
10010326 1
10010328 2
10010329 1
10010331 1
10010332 2
10010333 1
10010334 1
10010335 2
10010340 1
10010341 1
10010344 1
10010345 1
10010346 1
10010348 2
10010350 1
10010351 1
10010352 1
10010353 1
10010354 1
10010357 1
10010358 1
10010361 1
10010364 1
10010366 1
10010372 2
10010373 1
10010374 1
10010376 2
10010379 2
10010381 2
10010382 1
10010383 2
10010385 1
10010386 1
10010387 1
10010388 1
10010389 1
10010395 1
10010396 1
10010399 2
10010400 1
10010401 1
10010403 1
10010404 1
10010406 1
10010408 1
10010409 1
10010410 1
10010412 1
10010413 1
10010414 1
10010418 1
10010419 1
10010420 1
10010424 1
10010427 1
10010429 1
10010430 1
10010431 2
10010433 2
10010435 1
10010436 1
10010438 1
10010440 1
10010441 2
10010442 2
10010445 1
10010446 1
10010447 1
10010448 1
10010450 2
10010454 1
10010455 1
10010457 1
10010459 1
10010463 1
10010464 1
10010465 1
10010466 1
10010467 1
10010470 1
10010472 1
10010473 2
10010475 1
10010476 1
10010478 1
10010480 1
10010482 1
10010483 1
10010485 1
10010486 1
10010489 1
10010491 1
10010493 1
10010495 1
10010496 1
10010497 1
10010498 1
10010499 2
10010500 1
10010501 1
10010502 1
10010505 1
10010509 1
10010512 1
10010513 1
10010515 1
10010516 1
10010518 1
10010520 1
10010521 1
10010523 2
10010524 1
10010528 1
10010529 1
10010531 2
10010532 1
10010533 2
10010534 2
10010535 1
10010536 2
10010538 1
10010539 1
10010540 1
10010541 1
10010543 1
10010544 1
10010545 1
10010548 1
10010549 1
10010550 1
10010552 1
10010554 1
10010555 1
10010556 1
10010557 1
10010558 1
10010559 1
10010560 1
10010562 1
10010564 2
10010568 2
10010570 1
10010573 2
10010577 2
10010579 1
10010580 2
10010582 1
10010584 1
10010586 1
10010587 1
10010588 1
10010589 1
10010591 2
10010592 1
10010594 2
10010595 2
10010597 1
10010598 1
10010599 2
10010600 1
10010603 2
10010607 1
10010608 1
10010609 1
10010610 1
10010611 2
10010614 1
10010615 1
10010617 1
10010620 1
10010622 1
10010623 2
10010627 2
10010634 1
10010636 1
10010637 1
10010641 1
10010642 2
10010643 1
10010644 1
10010645 1
10010647 1
10010649 1
10010651 1
10010652 1
10010654 1
10010655 1
10010657 1
10010658 1
10010660 1
10010661 1
10010662 1
10010663 1
10010665 1
10010666 1
10010667 1
10010668 1
10010669 1
10010670 1
10010674 2
10010675 1
10010680 1
10010683 1
10010687 1
10010689 1
10010690 1
10010691 1
10010694 2
10010695 1
10010696 1
10010697 1
10010700 1
10010705 1
10010709 1
10010710 1
10010711 1
10010712 1
10010714 1
10010715 1
10010716 1
10010718 1
10010719 1
10010726 1
10010727 1
10010728 1
10010730 1
10010731 1
10010732 2
10010736 1
10010737 2
10010738 1
10010742 1
10010743 1
10010744 1
10010745 1
10010746 1
10010748 1
10010749 1
10010751 1
10010754 2
10010755 1
10010756 1
10010757 2
10010760 2
10010764 1
10010765 1
10010766 1
10010767 1
10010768 1
10010769 1
10010771 1
10010773 1
10010775 1
10010778 1
10010782 1
10010785 2
10010789 1
10010790 1
10010791 1
10010793 1
10010794 1
10010798 1
10010800 1
10010801 1
10010802 1
10010803 1
10010804 1
10010805 1
10010808 1
10010809 1
10010810 1
10010811 2
10010812 2
10010814 1
10010815 1
10010818 1
10010819 2
10010821 1
10010822 1
10010823 1
10010824 1
10010826 1
10010830 1
10010839 2
10010840 2
10010841 2
10010843 1
10010844 1
10010845 1
10010848 1
10010849 1
10010850 1
10010852 2
10010853 1
10010854 1
10010857 1
10010859 2
10010860 2
10010862 1
10010863 1
10010864 1
10010865 1
10010866 2
10010867 1
10010870 1
10010872 1
10010873 1
10010874 1
10010879 1
10010880 1
10010881 1
10010882 1
10010883 1
10010884 1
10010886 2
10010890 2
10010893 1
10010894 1
10010897 1
10010898 2
10010899 1
10010901 1
10010903 1
10010904 1
10010905 1
10010906 1
10010909 1
10010910 1
10010912 1
10010913 1
10010917 1
10010918 1
10010919 2
10010920 1
10010922 2
10010923 1
10010924 1
10010925 1
10010926 1
10010927 1
10010929 1
10010931 1
10010934 1
10010935 1
10010936 1
10010940 2
10010946 1
10010947 1
10010951 1
10010953 2
10010954 1
10010957 2
10010958 2
10010960 2
10010962 1
10010963 2
10010965 1
10010967 1
10010968 1
10010969 1
10010970 2
10010972 1
10010973 2
10010974 1
10010975 1
10010976 2
10010979 1
10010981 1
10010983 2
10010984 1
10010986 2
10010987 1
10010988 1
10010990 1
10010994 1
10010995 2
10010996 2
10010998 1
10011002 1
10011003 1
10011004 1
10011005 1
10011007 1
10011011 1
10011014 1
10011016 1
10011018 1
10011020 1
10011021 2
10011022 1
10011024 2
10011026 1
10011027 2
10011029 1
10011030 1
10011031 1
10011033 1
10011036 2
10011037 2
10011038 1
10011045 1
10011048 1
10011052 1
10011053 1
10011055 2
10011057 2
10011058 1
10011060 1
10011061 1
10011062 1
10011063 1
10011064 2
10011065 1
10011066 1
10011067 1
10011068 1
10011071 1
10011073 2
10011074 2
10011075 1
10011076 1
10011077 1
10011078 2
10011079 1
10011082 1
10011084 1
10011086 1
10011089 1
10011090 1
10011091 1
10011092 1
10011093 1
10011096 2
10011097 1
10011098 2
10011100 1
10011101 1
10011102 1
10011103 1
10011107 1
10011108 1
10011109 1
10011110 2
10011112 1
10011113 1
10011116 2
10011118 1
10011119 1
10011120 1
10011122 1
10011123 1
10011125 1
10011127 1
10011129 1
10011132 1
10011135 1
10011136 1
10011139 1
10011140 1
10011141 1
10011142 1
10011143 1
10011145 1
10011146 1
10011147 1
10011149 1
10011152 1
10011155 2
10011157 1
10011158 1
10011159 2
10011160 1
10011162 1
10011164 1
10011165 1
10011166 1
10011168 2
10011169 1
10011171 1
10011172 2
10011173 1
10011174 1
10011175 1
10011176 1
10011177 1
10011178 1
10011179 1
10011180 1
10011184 2
10011185 1
10011186 1
10011187 2
10011189 1
10011190 1
10011195 2
10011197 2
10011198 1
10011200 1
10011203 1
10011204 1
10011205 1
10011209 1
10011210 1
10011212 1
10011220 1
10011221 2
10011222 1
10011225 1
10011226 1
10011229 1
10011230 2
10011231 1
10011234 1
10011236 1
10011237 1
10011238 1
10011240 1
10011241 1
10011242 2
10011245 1
10011246 2
10011247 1
10011248 1
10011249 1
10011250 1
10011251 1
10011252 1
10011255 1
10011256 1
10011257 1
10011258 2
10011260 1
10011261 1
10011264 1
10011265 1
10011266 1
10011267 1
10011272 1
10011273 1
10011275 1
10011276 1
10011277 1
10011279 1
10011284 1
10011286 1
10011287 2
10011288 1
10011290 1
10011291 2
10011292 1
10011294 1
10011295 1
10011297 1
10011299 1
10011301 1
10011303 1
10011304 1
10011305 1
10011309 1
10011310 1
10011312 1
10011313 2
10011314 1
10011315 1
10011317 1
10011318 1
10011319 1
10011320 1
10011322 1
10011323 1
10011324 1
10011325 1
10011326 1
10011328 1
10011329 1
10011330 1
10011333 2
10011335 1
10011336 1
10011338 1
10011339 1
10011340 1
10011343 2
10011344 2
10011346 1
10011348 1
10011353 2
10011355 1
10011357 1
10011360 1
10011362 1
10011363 1
10011364 1
10011365 1
10011366 2
10011367 2
10011372 1
10011373 1
10011374 1
10011375 1
10011376 1
10011377 1
10011378 1
10011379 1
10011382 1
10011383 2
10011384 1
10011385 1
10011387 1
10011388 2
10011390 1
10011392 1
10011393 1
10011394 1
10011397 1
10011398 1
10011399 1
10011404 1
10011405 1
10011406 1
10011407 2
10011408 2
10011411 2
10011414 1
10011415 1
10011419 1
10011420 1
10011422 1
10011423 1
10011425 2
10011426 1
10011427 1
10011431 2
10011432 1
10011433 2
10011434 1
10011436 1
10011439 1
10011440 1
10011442 1
10011443 1
10011445 1
10011447 1
10011449 2
10011451 1
10011452 1
10011453 1
10011456 1
10011457 1
10011458 1
10011461 1
10011466 2
10011468 1
10011474 2
10011476 1
10011478 1
10011479 1
10011480 1
10011483 1
10011484 1
10011485 1
10011487 1
10011488 1
10011489 1
10011490 1
10011491 1
10011492 1
10011493 1
10011494 1
10011495 1
10011506 1
10011507 1
10011508 1
10011509 1
10011510 1
10011511 1
10011513 1
10011514 1
10011515 1
10011519 1
10011521 2
10011524 1
10011526 2
10011528 2
10011529 1
10011530 1
10011531 2
10011534 1
10011537 1
10011538 1
10011539 1
10011540 1
10011542 2
10011543 2
10011544 1
10011545 2
10011546 1
10011547 2
10011550 2
10011553 2
10011554 1
10011559 1
10011560 2
10011561 1
10011562 1
10011564 1
10011566 1
10011572 1
10011573 1
10011578 1
10011579 1
10011581 1
10011582 1
10011583 1
10011584 1
10011585 2
10011586 2
10011587 1
10011588 1
10011589 1
10011590 2
10011591 1
10011592 1
10011593 1
10011594 1
10011595 1
10011597 1
10011598 1
10011600 1
10011604 1
10011605 1
10011606 2
10011608 1
10011609 2
10011610 1
10011613 1
10011614 1
10011616 1
10011617 1
10011618 2
10011623 1
10011624 1
10011625 1
10011629 1
10011632 1
10011636 1
10011637 1
10011638 1
10011639 1
10011642 1
10011643 1
10011648 1
10011655 1
10011656 1
10011658 1
10011659 1
10011661 1
10011662 2
10011663 1
10011664 1
10011666 1
10011667 1
10011668 2
10011672 1
10011673 1
10011678 1
10011680 2
10011681 1
10011682 1
10011687 1
10011688 1
10011689 1
10011691 2
10011692 1
10011693 1
10011694 1
10011695 1
10011696 1
10011699 2
10011703 2
10011704 2
10011705 1
10011707 1
10011708 1
10011710 1
10011712 2
10011713 1
10011718 1
10011719 2
10011720 1
10011724 1
10011727 1
10011729 1
10011730 1
10011735 1
10011740 1
10011742 1
10011745 2
10011746 1
10011749 2
10011750 1
10011752 2
10011753 1
10011759 1
10011760 2
10011762 1
10011763 1
10011765 2
10011769 1
10011772 1
10011773 1
10011774 2
10011775 2
10011776 2
10011777 1
10011778 1
10011779 1
10011782 1
10011785 2
10011786 1
10011787 1
10011788 1
10011792 2
10011795 1
10011796 1
10011797 1
10011800 1
10011802 1
10011803 1
10011808 2
10011809 1
10011810 1
10011812 1
10011813 2
10011814 1
10011815 2
10011816 1
10011821 1
10011822 1
10011823 1
10011824 1
10011825 1
10011830 1
10011831 1
10011834 1
10011835 1
10011837 1
10011839 1
10011840 1
10011841 1
10011843 1
10011845 1
10011846 1
10011847 1
10011848 2
10011849 1
10011850 1
10011851 1
10011854 1
10011855 1
10011856 1
10011857 1
10011858 1
10011863 1
10011864 1
10011866 1
10011869 2
10011870 2
10011871 1
10011874 1
10011876 1
10011877 2
10011878 1
10011881 1
10011882 1
10011884 2
10011885 2
10011888 1
10011891 1
10011892 1
10011893 2
10011894 1
10011898 1
10011899 1
10011901 2
10011902 1
10011908 1
10011909 1
10011911 1
10011913 1
10011914 1
10011917 2
10011918 1
10011919 1
10011920 1
10011921 1
10011925 1
10011926 1
10011927 1
10011931 2
10011932 1
10011933 1
10011934 1
10011935 2
10011936 1
10011937 1
10011938 1
10011940 1
10011941 1
10011942 1
10011943 1
10011944 1
10011945 1
10011946 1
10011951 1
10011954 1
10011955 1
10011956 1
10011958 1
10011959 1
10011961 1
10011962 1
10011964 1
10011965 2
10011967 1
10011968 1
10011969 1
10011973 1
10011974 1
10011975 1
10011978 2
10011980 2
10011982 2
10011983 1
10011985 1
10011986 1
10011987 1
10011988 1
10011990 2
10011993 1
10011996 1
10011997 2
10011998 1
10011999 2
10012000 1
10012008 1
10012012 1
10012013 1
10012014 1
10012015 1
10012016 1
10012017 1
10012018 1
10012019 1
10012022 1
10012023 1
10012024 1
10012025 1
10012026 1
10012027 2
10012028 2
10012029 1
10012030 1
10012032 1
10012034 1
10012035 2
10012036 1
10012037 2
10012039 2
10012041 1
10012042 1
10012043 2
10012044 1
10012046 2
10012049 1
10012050 2
10012052 1
10012056 2
10012062 1
10012063 1
10012064 1
10012068 2
10012070 1
10012071 1
10012072 2
10012073 1
10012075 1
10012076 1
10012078 1
10012079 1
10012080 1
10012081 1
10012083 2
10012084 1
10012085 1
10012086 1
10012092 1
10012093 1
10012094 2
10012098 1
10012099 2
10012100 1
10012101 1
10012103 1
10012105 1
10012106 1
10012108 1
10012109 1
10012111 1
10012113 1
10012116 1
10012117 2
10012118 1
10012119 2
10012121 1
10012125 1
10012126 1
10012127 1
10012128 1
10012132 2
10012133 2
10012135 1
10012137 1
10012140 1
10012141 2
10012142 1
10012145 1
10012147 2
10012148 1
10012150 1
10012152 1
10012153 1
10012154 1
10012156 1
10012158 2
10012159 1
10012160 1
10012161 1
10012167 1
10012169 1
10012170 1
10012171 1
10012172 1
10012173 1
10012176 1
10012177 1
10012178 2
10012180 1
10012182 1
10012185 1
10012186 1
10012191 1
10012192 1
10012197 1
10012198 1
10012200 1
10012203 1
10012205 1
10012206 2
10012207 1
10012210 1
10012211 1
10012213 1
10012214 2
10012217 1
10012219 2
10012221 2
10012223 1
10012225 1
10012226 1
10012227 2
10012228 1
10012231 1
10012232 1
10012234 2
10012236 1
10012237 1
10012242 1
10012247 1
10012251 1
10012252 1
10012255 1
10012256 1
10012257 1
10012258 1
10012259 1
10012260 1
10012263 1
10012267 1
10012268 1
10012269 1
10012271 1
10012273 1
10012274 2
10012275 2
10012276 1
10012277 1
10012278 2
10012280 1
10012281 1
10012282 1
10012283 1
10012286 1
10012287 1
10012289 1
10012292 2
10012293 1
10012294 1
10012295 1
10012296 1
10012298 2
10012300 1
10012303 1
10012304 1
10012306 1
10012307 1
10012310 1
10012311 1
10012312 2
10012315 1
10012316 1
10012319 1
10012321 1
10012322 1
10012323 1
10012325 1
10012326 1
10012327 1
10012328 1
10012329 1
10012331 1
10012332 1
10012334 2
10012336 1
10012337 1
10012339 1
10012340 1
10012341 2
10012342 1
10012343 2
10012347 1
10012349 1
10012350 1
10012351 1
10012352 1
10012353 2
10012354 1
10012357 2
10012359 1
10012361 2
10012362 1
10012363 1
10012365 2
10012366 1
10012368 1
10012369 1
10012370 1
10012374 1
10012375 1
10012376 1
10012377 1
10012378 1
10012380 1
10012381 1
10012382 1
10012384 2
10012387 1
10012388 1
10012393 1
10012394 1
10012395 1
10012396 2
10012399 2
10012400 2
10012402 1
10012404 1
10012406 2
10012407 2
10012410 1
10012411 1
